F 1824.839883 1880.660829 3.717551
E 0.000000 100.000000 100.000000 0.174533
F 1824.839883 1880.660829 3.717551
E 0.000000 100.000000 100.000000 0.174533
F 1824.839883 1880.660829 3.717551
E 0.000000 100.000000 100.000000 0.174533
F 1824.839883 1880.660829 3.717551
E 0.000000 100.000000 100.000000 0.174533
F 1824.839883 1880.660829 3.717551
E 0.000000 100.000000 100.000000 0.174533
F 1824.839883 1880.660829 3.717551
E 0.000000 100.000000 100.000000 0.174533
F 1824.839883 1880.660829 3.717551
E 0.000000 100.000000 100.000000 0.174533
F 1824.839883 1880.660829 3.717551
E 0.000000 100.000000 100.000000 0.174533
F 1824.839883 1880.660829 3.717551
E 0.000000 100.000000 100.000000 0.174533
F 1824.839883 1880.660829 3.717551
E 0.000000 100.000000 100.000000 0.174533
F 1824.839883 1880.660829 3.717551
E 0.000000 100.000000 100.000000 0.174533
F 1824.839883 1880.660829 3.717551
E 0.000000 100.000000 100.000000 0.174533
F 1824.839883 1880.660829 3.717551
E 0.000000 100.000000 100.000000 0.174533
F 1804.058465 1867.165218 3.717551
E 0.575959 100.187861 100.098275 0.191633
F 1766.886069 1843.025182 3.717551
E -2.565634 100.786580 100.873362 0.238237
F 1729.210438 1818.699084 -2.567886
E -2.565185 101.395977 102.763671 0.277976
F 1691.397536 1794.263968 -2.567886
E -2.565837 102.006322 106.111053 0.312954
F 1691.397536 1794.263968 -2.567886
E -2.565837 102.006322 106.111053 0.312954
F 1653.877757 1770.018271 -2.567886
E -2.566379 102.603698 111.110312 0.343934
F 1616.275577 1745.578789 -2.565634
E -2.566555 103.202369 117.943630 0.372564
F 1578.599946 1721.252690 -2.567886
E -2.566637 103.797587 126.626328 0.399147
F 1540.997766 1696.813207 -2.565634
E -2.566681 104.389412 137.107975 0.424066
F 1540.997766 1696.813207 -2.565634
E -2.566681 104.389412 137.107975 0.424066
F 1503.322134 1672.487109 -2.567886
E -2.566707 104.977899 149.286048 0.447599
F 1465.719954 1648.047626 -2.565634
E -2.566722 105.563106 163.033504 0.469956
F 1465.719954 1648.047626 -2.565634
E -2.566722 105.563106 163.033504 0.469956
F 1428.044322 1623.721527 -2.567886
E -2.566733 106.145087 178.218712 0.491297
F 1390.442142 1599.282045 -2.565634
E -2.566740 106.723894 194.717222 0.511748
F 1352.766511 1574.955946 -2.567886
E -2.566745 107.299579 212.417276 0.531413
F 1315.164331 1550.516463 -2.565634
E -2.566748 107.872191 231.221393 0.550376
F 1277.488699 1526.190365 -2.567886
E -2.566751 108.441780 251.045833 0.568707
F 1277.488699 1526.190365 -2.567886
E -2.566751 108.441780 251.045833 0.568707
F 1239.886519 1501.750882 -2.565634
E -2.566753 109.008393 271.819145 0.586465
F 1202.210887 1477.424783 -2.567886
E -2.566754 109.572076 293.480423 0.603701
F 1164.397986 1452.989667 -2.567886
E -2.566844 110.137126 316.066744 0.620584
F 1164.397986 1452.989667 -2.567886
E -2.566844 110.137126 316.066744 0.620584
F 1126.878207 1428.743971 -2.567886
E -2.566923 110.690633 339.266492 0.636769
F 1089.276027 1404.304488 -2.565634
E -2.566915 111.245792 363.307926 0.652678
F 1051.600395 1379.978390 -2.567886
E -2.566907 111.798194 388.068355 0.668208
F 1013.787493 1355.543274 -2.567886
E -2.566973 112.352051 413.618745 0.683500
F 1013.787493 1355.543274 -2.567886
E -2.566973 112.352051 413.618745 0.683500
F 976.267715 1331.297577 -2.567886
E -2.567032 112.894701 439.632466 0.698228
F 938.665535 1306.858094 -2.565634
E -2.567019 113.439073 466.387152 0.712766
F 900.989903 1282.531996 -2.567886
E -2.567006 113.980845 493.761864 0.727014
F 900.989903 1282.531996 -2.567886
E -2.567006 113.980845 493.761864 0.727014
F 863.387723 1258.092513 -2.565634
E -2.566995 114.520054 521.738082 0.740988
F 825.712092 1233.766415 -2.567886
E -2.566983 115.056737 550.299041 0.754703
F 787.899190 1209.331299 -2.567886
E -2.567031 115.594983 579.543925 0.768275
F 749.793165 1184.706763 -2.567886
E -2.567076 116.139054 609.582069 0.781817
F 749.793165 1184.706763 -2.567886
E -2.567076 116.139054 609.582069 0.781817
F 712.190984 1160.267280 -2.565634
E -2.567062 116.668288 639.820237 0.794828
F 674.515353 1135.941182 -2.567886
E -2.567049 117.195133 670.589845 0.807629
F 636.913173 1111.501699 -2.565634
E -2.567037 117.719620 701.879781 0.820231
F 636.913173 1111.501699 -2.565634
E -2.567037 117.719620 701.879781 0.820231
F 599.237541 1087.175600 -2.567886
E -2.567026 118.241781 733.679705 0.832642
F 561.635361 1062.736118 -2.565634
E -2.567015 118.761646 765.979964 0.844871
F 523.959730 1038.410019 -2.567886
E -2.567004 119.279246 798.771510 0.856925
F 523.959730 1038.410019 -2.567886
E -2.567004 119.279246 798.771510 0.856925
F 486.357549 1013.970536 -2.565634
E -2.566994 119.794610 832.045844 0.868812
F 448.681918 989.644438 -2.567886
E -2.566985 120.307766 865.794954 0.880538
F 411.468703 964.613114 -2.552124
E -2.566716 120.823379 900.010187 0.892217
F 377.464078 935.793039 -2.455305
E -2.564370 121.500703 934.338742 0.907506
F 377.464078 935.793039 -2.455305
E -2.564370 121.500703 934.338742 0.907506
F 345.934246 903.554975 -2.360737
E -2.558615 122.192560 969.193867 0.922617
F 317.797051 868.535463 -2.263918
E -2.549789 123.000276 1003.763577 0.937580
F 293.185236 831.166998 -2.169350
E -2.538177 124.086588 1037.793105 0.952047
F 272.211979 791.641487 -2.074782
E -2.524032 125.703310 1071.192625 0.966297
F 272.211979 791.641487 -2.074782
E -2.524032 125.703310 1071.192625 0.966297
F 255.248932 750.420542 -1.977963
E -2.507613 128.129435 1103.597826 0.980431
F 242.105103 707.099556 -1.881144
E -2.488765 131.734369 1135.407671 0.994685
F 233.481608 663.721759 -1.784324
E -2.468432 136.646207 1165.205226 1.008265
F 228.743114 619.056427 -1.692008
E -2.446068 143.272341 1194.049800 1.021649
F 228.743114 619.056427 -1.692008
E -2.446068 143.272341 1194.049800 1.021649
F 232.601956 573.423669 -1.514131
E -2.420966 152.329836 1220.609430 1.043858
F 245.011497 530.378809 -1.322744
E -2.393520 163.905697 1242.006303 1.066980
F 264.504218 490.859466 -1.144866
E -2.364261 178.153648 1258.006371 1.087534
F 264.504218 490.859466 -1.144866
E -2.364261 178.153648 1258.006371 1.087534
F 288.159467 457.105933 -0.994008
E -0.764743 1268.493432 193.980857 1.103475
F 317.427953 426.609017 -0.838647
E -0.734499 1274.804689 212.444826 1.120067
F 350.261202 401.142756 -0.692292
E -0.704417 1276.589982 232.459822 1.135221
F 350.261202 401.142756 -0.692292
E -0.704417 1276.589982 232.459822 1.135221
F 386.376212 380.934259 -0.543686
E -0.674563 1274.021785 253.819187 1.150337
F 424.186138 365.991915 -0.408589
E -0.645719 1267.412382 275.812371 1.163721
F 465.627837 356.799706 -0.250976
E -0.616688 1256.193839 299.339982 1.179762
F 507.257582 353.891897 -0.102369
E -0.589849 1240.814054 322.559167 1.194438
F 507.257582 353.891897 -0.102369
E -0.589849 1240.814054 322.559167 1.194438
F 548.510488 357.189625 0.046237
E -0.565547 1221.644791 345.182570 1.208813
F 589.126481 366.825773 0.199347
E -0.544203 1198.640848 367.022031 1.223574
F 627.871662 382.327448 0.347953
E -0.526938 1172.438909 387.285455 1.237730
F 627.871662 382.327448 0.347953
E -0.526938 1172.438909 387.285455 1.237730
F 669.076894 399.149893 0.381727
E -0.511737 1142.987842 408.114320 1.246218
F 710.651381 415.965789 0.383979
E -0.497581 1113.966641 429.965408 1.254421
F 752.276335 432.656368 0.381727
E -0.484210 1086.088117 453.152864 1.262571
F 793.409079 449.167749 0.381727
E -0.472043 1059.718211 477.425277 1.270480
F 793.409079 449.167749 0.381727
E -0.472043 1059.718211 477.425277 1.270480
F 834.983566 465.983644 0.383979
E -0.461320 1034.217847 503.292587 1.278528
F 876.726201 482.849077 0.383979
E -0.452778 1009.854589 530.561585 1.286586
F 918.792423 499.845251 0.383979
E -0.447252 986.632157 559.350473 1.294718
F 960.417377 516.535830 0.381727
E -0.446057 965.080461 589.057103 1.302616
F 960.417377 516.535830 0.381727
E -0.446057 965.080461 589.057103 1.302616
F 1001.991864 533.351725 0.383979
E -0.451186 945.008545 619.842953 1.310466
F 1043.087327 549.955679 0.383979
E -0.465859 926.794145 651.069297 1.318088
F 1084.829962 566.821113 0.383979
E -0.496401 910.334989 683.227444 1.325905
F 1084.829962 566.821113 0.383979
E -0.496401 910.334989 683.227444 1.325905
F 1126.249011 583.555806 0.383979
E -0.553231 896.795444 714.760766 1.333557
F 1167.991646 600.421240 0.383979
E -0.657095 887.658496 744.404835 1.341285
F 1209.410695 617.155933 0.383979
E -2.400441 768.108352 886.586207 1.348850
F 1251.153330 634.021367 0.383979
E -2.622715 781.360348 898.367521 1.356490
F 1251.153330 634.021367 0.383979
E -2.622715 781.360348 898.367521 1.356490
F 1292.005434 651.668885 0.404243
E -2.804164 782.893675 923.206492 1.364030
F 1331.363589 674.038592 0.501063
E -2.909865 775.347509 956.789896 1.374311
F 1365.683393 703.006920 0.672185
E -2.951913 760.628658 992.701255 1.389949
F 1365.683393 703.006920 0.672185
E -2.951913 760.628658 992.701255 1.389949
F 1393.914001 738.234400 0.863572
E -2.954327 739.945238 1027.399629 1.407510
F 1414.488406 774.776068 1.023437
E -2.936324 716.970886 1056.699418 1.420841
F 1429.636490 813.648084 1.167540
E -2.908026 691.831990 1082.641373 1.432690
F 1429.636490 813.648084 1.167540
E -2.908026 691.831990 1082.641373 1.432690
F 1438.765961 853.829071 1.313895
E -2.873989 665.504854 1104.829903 1.444467
F 1442.323410 894.508457 1.451243
E -2.836405 638.461735 1123.263535 1.455363
F 1439.750772 936.160258 1.599850
E -2.795435 610.418003 1138.240203 1.467284
F 1430.216678 972.241164 1.775476
E -2.756874 585.397245 1147.317208 1.480194
F 1430.216678 972.241164 1.775476
E -2.756874 585.397245 1147.317208 1.480194
F 1414.218845 1005.613429 1.960108
E -2.717054 561.076357 1151.284292 1.493754
F 1392.551787 1035.594933 2.140237
E -2.676640 537.984990 1150.159716 1.506766
F 1365.863908 1061.209559 2.320366
E -2.636645 516.879568 1144.189134 1.519667
F 1365.863908 1061.209559 2.320366
E -2.636645 516.879568 1144.189134 1.519667
F 1333.639834 1081.833017 2.516256
E -2.596744 497.902639 1133.094855 1.534271
F 1298.716430 1095.635447 2.707643
E -2.560063 482.661069 1117.695858 1.548126
F 1262.385145 1102.683600 2.892276
E -2.527335 471.174042 1098.898541 1.561096
F 1222.987572 1106.489106 3.013863
E -2.496236 462.293685 1076.542018 1.569850
F 1222.987572 1106.489106 3.013863
E -2.496236 462.293685 1076.542018 1.569850
F 1178.175451 1112.363688 3.011611
E -2.463940 455.521965 1051.820099 1.576472
F 1134.038183 1118.014601 3.013863
E -2.434629 452.595905 1030.036669 1.582864
F 1089.730098 1123.705047 3.013863
E -2.408302 454.229033 1010.558084 1.589280
F 1089.730098 1123.705047 3.013863
E -2.408302 454.229033 1010.558084 1.589280
F 1044.571870 1129.624475 3.011611
E -2.385194 461.299882 993.063080 1.595922
F 1000.088496 1135.320234 3.013863
E -2.366776 474.005014 977.993660 1.602336
F 955.622481 1141.149969 3.011611
E -0.782586 964.939563 492.495639 1.608724
F 955.622481 1141.149969 3.011611
E -0.782586 964.939563 492.495639 1.608724
F 911.673377 1146.894930 3.011611
E -0.775168 953.948156 516.252953 1.614939
F 867.190002 1152.590689 3.013863
E -0.774951 944.702968 545.304524 1.621278
F 822.723988 1158.420424 3.011611
E -0.784039 937.436893 578.698890 1.627592
F 778.240613 1164.116183 3.013863
E -2.376365 615.508741 932.386473 1.633881
F 733.774599 1169.945919 3.011611
E -2.415223 654.542287 930.066269 1.640147
F 733.774599 1169.945919 3.011611
E -2.415223 654.542287 930.066269 1.640147
F 689.133383 1175.781351 3.011611
E -2.478874 694.367662 931.487478 1.646436
F 644.838223 1181.571548 3.011611
E -2.575043 732.141216 938.389214 1.652605
F 600.197007 1187.406980 3.011611
E -2.708073 765.243778 953.597463 1.658847
F 600.197007 1187.406980 3.011611
E -2.708073 765.243778 953.597463 1.658847
F 555.496302 1192.773238 3.020618
E -2.860318 790.076662 979.801004 1.665084
F 510.725219 1189.228780 -3.091445
E -2.989538 802.128227 1017.821559 1.678015
F 472.395486 1173.136350 -2.807742
E -3.054614 799.493431 1059.863974 1.701651
F 445.677354 1152.411787 -2.573574
E -3.068965 788.891930 1094.461284 1.717459
F 445.677354 1152.411787 -2.573574
E -3.068965 788.891930 1094.461284 1.717459
F 424.105782 1125.462063 -2.334903
E -3.058582 772.557362 1126.829868 1.733740
F 409.807637 1095.426394 -2.107490
E -3.032759 753.048103 1153.278597 1.748462
F 402.731933 1062.361300 -1.873323
E -2.996257 730.651171 1174.104023 1.763850
F 402.731933 1062.361300 -1.873323
E -2.996257 730.651171 1174.104023 1.763850
F 403.813432 1027.833365 -1.630148
E -2.952191 706.216204 1188.142639 1.780183
F 412.492813 995.531002 -1.400484
E -2.905818 682.143302 1194.415804 1.794780
F 428.151944 966.181897 -1.173071
E -2.858326 658.877453 1193.607729 1.809005
F 449.341495 941.494551 -0.954664
E -2.812193 637.680220 1186.365704 1.822132
F 449.341495 941.494551 -0.954664
E -2.812193 637.680220 1186.365704 1.822132
F 475.937988 921.820312 -0.729503
E -2.767113 618.535527 1173.035998 1.835896
F 506.539742 908.379236 -0.504342
E -2.724826 602.283199 1154.269570 1.849621
F 545.925055 889.964688 -0.448052
E -2.673391 584.318413 1127.133894 1.855485
F 545.925055 889.964688 -0.448052
E -2.673391 584.318413 1127.133894 1.855485
F 586.081197 870.793996 -0.445800
E -2.623953 569.110145 1101.944421 1.860919
F 626.387225 851.532332 -0.445800
E -2.577624 558.109345 1080.011383 1.866379
F 667.008144 832.120187 -0.445800
E -2.534671 552.844438 1060.949082 1.871908
F 706.999282 813.009005 -0.445800
E -2.496187 554.651794 1044.771576 1.877252
F 706.999282 813.009005 -0.445800
E -2.496187 554.651794 1044.771576 1.877252
F 747.620201 793.596860 -0.445800
E -2.460892 564.509525 1030.594067 1.882749
F 788.241120 774.184715 -0.445800
E -2.429221 582.874704 1018.347046 1.888230
F 828.547148 754.923051 -0.445800
E -2.401114 609.418608 1007.807935 1.893611
F 869.168067 735.510906 -0.445800
E -2.375848 644.051420 998.559500 1.899061
F 869.168067 735.510906 -0.445800
E -2.375848 644.051420 998.559500 1.899061
F 911.982647 720.303900 -0.355735
E -2.356634 685.409730 989.460539 1.906243
F 955.589538 709.510057 -0.258916
E -0.781418 979.873660 730.405083 1.913529
F 1000.035624 702.982163 -0.162097
E -2.376702 777.354226 970.527360 1.920788
F 1000.035624 702.982163 -0.162097
E -2.376702 777.354226 970.527360 1.920788
F 1044.721871 700.683714 -0.067529
E -2.463276 822.741153 963.864808 1.927891
F 1089.774285 702.608055 0.027039
E -2.675730 859.373424 966.820384 1.935051
F 1133.909014 708.856013 0.123858
E -2.958938 874.426968 990.759621 1.942148
F 1133.909014 708.856013 0.123858
E -2.958938 874.426968 990.759621 1.942148
F 1177.281125 719.946922 0.231936
E -3.124105 869.984413 1033.322594 1.949721
F 1217.832546 739.784383 0.423323
E 3.106604 854.730866 1082.633891 1.962279
F 1253.567477 766.800515 0.614710
E 3.111787 833.008524 1130.803969 1.974676
F 1282.607976 796.786572 0.767819
E 3.140055 809.456436 1172.778557 1.983747
F 1282.607976 796.786572 0.767819
E 3.140055 809.456436 1172.778557 1.983747
F 1306.979093 829.760034 0.902916
E -3.105104 784.797819 1210.880167 1.991611
F 1326.295332 865.342859 1.040265
E -3.061971 759.756867 1245.095357 1.999455
F 1340.577097 904.554110 1.188871
E -3.013505 733.729703 1276.149596 2.008149
F 1353.753596 945.440104 1.247413
E -2.962590 707.864233 1305.742501 2.013487
F 1353.753596 945.440104 1.247413
E -2.962590 707.864233 1305.742501 2.013487
F 1367.949302 987.796562 1.247413
E -2.912446 683.647332 1338.054055 2.018535
F 1382.145009 1030.153020 1.247413
E -2.865714 662.778523 1373.490446 2.023569
F 1396.229811 1072.178568 1.247413
E -2.822026 645.397938 1411.673387 2.028513
F 1396.229811 1072.178568 1.247413
E -2.822026 645.397938 1411.673387 2.028513
F 1410.479546 1115.068916 1.249665
E -2.779727 630.974565 1453.598312 2.033642
F 1424.469687 1157.126071 1.249665
E -2.740179 619.881422 1497.597353 2.038562
F 1438.680146 1199.845543 1.249665
E -2.701853 611.462173 1545.213023 2.043625
F 1452.890604 1242.565015 1.249665
E -2.665291 605.605770 1595.700353 2.048676
F 1452.890604 1242.565015 1.249665
E -2.665291 605.605770 1595.700353 2.048676
F 1466.990904 1284.953329 1.249665
E -2.630704 602.000753 1648.545791 2.053637
F 1477.282345 1329.012937 1.328471
E -2.595908 600.216760 1702.718058 2.059880
F 1483.154670 1373.371243 1.423039
E -2.560105 600.202198 1754.403771 2.066505
F 1483.154670 1373.371243 1.423039
E -2.560105 600.202198 1754.403771 2.066505
F 1484.677281 1417.920013 1.519858
E -2.522962 602.053220 1803.280467 2.073152
F 1481.888078 1463.105060 1.616677
E -2.483937 605.966215 1849.975001 2.079931
F 1474.942556 1506.955569 1.711245
E -2.444597 611.862723 1892.720787 2.086416
F 1474.942556 1506.955569 1.711245
E -2.444597 611.862723 1892.720787 2.086416
F 1460.095795 1549.695566 1.877865
E -2.402979 620.152319 1930.434127 2.096543
F 1437.443669 1588.536603 2.067000
E -2.359574 630.949774 1958.398171 2.108030
F 1410.164513 1621.310378 2.231368
E -0.746185 1975.402377 643.603791 2.117364
F 1380.118161 1650.647970 2.343948
E -0.703455 1985.162671 658.218355 2.123916
F 1380.118161 1650.647970 2.343948
E -0.703455 1985.162671 658.218355 2.123916
F 1348.675733 1682.870077 2.343948
E -0.657184 1994.743557 675.905937 2.128776
F 1317.720784 1714.592616 2.343948
E -0.611459 2007.908011 694.888944 2.133477
F 1283.859447 1744.057595 2.413748
E -0.564937 2022.226484 715.440481 2.139168
F 1247.574459 1769.935887 2.506065
E -0.518313 2033.731128 737.072637 2.145434
F 1247.574459 1769.935887 2.506065
E -0.518313 2033.731128 737.072637 2.145434
F 1208.436946 1792.348262 2.605136
E -0.470623 2041.413414 760.035580 2.152028
F 1167.172174 1810.967785 2.701955
E -0.422220 2044.965307 783.955443 2.158560
F 1124.825732 1825.421934 2.796523
E -0.373845 2044.522899 808.234415 2.164883
F 1124.825732 1825.421934 2.796523
E -0.373845 2044.522899 808.234415 2.164883
F 1081.106203 1835.750087 2.893342
E -0.324727 2040.098669 833.035434 2.171302
F 1037.125319 1841.815506 2.987910
E -0.275606 2031.792473 857.772772 2.177515
F 991.545556 1843.712031 3.084729
E -0.224477 2019.283969 883.233300 2.184044
F 947.562789 1841.297280 -3.103888
E -0.174424 2003.400523 907.678672 2.190149
F 947.562789 1841.297280 -3.103888
E -0.174424 2003.400523 907.678672 2.190149
F 902.961732 1834.651323 -3.009321
E -0.122379 1983.379815 932.397147 2.196454
F 858.894907 1823.529494 -2.910250
E -0.069013 1959.377980 956.817172 2.202968
F 816.406307 1808.425126 -2.815682
E -0.014996 1931.865795 980.402305 2.209236
F 816.406307 1808.425126 -2.815682
E -0.014996 1931.865795 980.402305 2.209236
F 776.067766 1789.459014 -2.718863
E 0.039627 1901.199264 1002.925360 2.215455
F 737.440708 1766.523924 -2.622043
E 0.096135 1866.837739 1024.668416 2.221728
F 700.997703 1739.965865 -2.527476
E 0.154734 1829.169207 1045.388369 2.227943
F 667.775935 1710.513843 -2.432908
E 0.214738 1789.233422 1064.545258 2.233999
F 667.775935 1710.513843 -2.432908
E 0.214738 1789.233422 1064.545258 2.233999
F 636.074174 1678.993992 -2.369863
E 0.278910 1747.568796 1082.562852 2.239242
F 603.850215 1647.803789 -2.372114
E 0.350457 1708.562154 1099.455945 2.243818
F 571.512815 1616.479948 -2.372114
E 0.432125 1675.592751 1114.785283 2.248419
F 571.512815 1616.479948 -2.372114
E 0.432125 1675.592751 1114.785283 2.248419
F 539.426092 1585.398928 -2.372114
E 0.523344 1649.987154 1127.441938 2.252940
F 507.296237 1554.111795 -2.369863
E 0.624266 1632.433088 1136.572542 2.257488
F 475.072279 1522.921592 -2.372114
E 0.731822 1624.122602 1141.232645 2.262027
F 442.484201 1491.354931 -2.372114
E 2.413445 1140.897410 1625.785104 2.266663
F 442.484201 1491.354931 -2.372114
E 2.413445 1140.897410 1625.785104 2.266663
F 413.596205 1456.969822 -2.284301
E 2.520645 1135.637924 1633.306726 2.272508
F 388.659072 1420.659297 -2.189734
E 2.622040 1126.077515 1641.802567 2.278376
F 366.703178 1381.068809 -2.092914
E 2.721698 1112.195019 1650.908378 2.284547
F 366.703178 1381.068809 -2.092914
E 2.721698 1112.195019 1650.908378 2.284547
F 348.649883 1339.746882 -1.998347
E 2.816078 1094.842397 1660.009897 2.290591
F 332.945651 1297.896214 -1.939805
E 2.904484 1074.790452 1670.219218 2.295613
F 316.659888 1256.111215 -1.942056
E 2.986729 1052.672520 1685.238778 2.300076
F 300.626320 1214.602710 -1.939805
E 3.061075 1029.728531 1706.503963 2.304462
F 300.626320 1214.602710 -1.939805
E 3.061075 1029.728531 1706.503963 2.304462
F 284.513547 1172.937784 -1.939805
E 3.128887 1006.507222 1733.409517 2.308874
F 268.227783 1131.152784 -1.942056
E -3.092456 983.692694 1765.585324 2.313312
F 252.067968 1089.318915 -1.939805
E -3.036011 961.874529 1802.343849 2.317741
F 252.067968 1089.318915 -1.939805
E -3.036011 961.874529 1802.343849 2.317741
F 235.529709 1046.883185 -1.942056
E -2.983431 941.104335 1843.954970 2.322301
F 219.449778 1005.579866 -1.942056
E -2.936247 922.477000 1888.353559 2.326610
F 203.289962 963.745997 -1.939805
E -2.891886 905.326073 1936.772877 2.331015
F 203.289962 963.745997 -1.939805
E -2.891886 905.326073 1936.772877 2.331015
F 187.051308 921.755562 -1.939805
E -2.850340 889.877229 1988.702208 2.335444
F 170.765544 879.970563 -1.942056
E -2.811667 876.268148 2043.701188 2.339832
F 154.605729 838.136694 -1.939805
E -2.775381 864.368638 2101.711612 2.344211
F 138.951202 797.978520 -1.942056
E -2.742548 854.462398 2160.152191 2.348249
F 136.678599 791.934828 -1.939805
E -2.737790 853.097906 2169.123069 2.348341
F 136.678599 791.934828 -1.939805
E -2.737790 853.097906 2169.123069 2.348341
F 136.678599 791.934828 -1.939805
E -2.737790 853.097906 2169.123069 2.348341
F 136.678599 791.934828 -1.939805
E -2.737790 853.097906 2169.123069 2.348341
F 136.678599 791.934828 -1.939805
E -2.737790 853.097906 2169.123069 2.348341
F 136.678599 791.934828 -1.939805
E -2.737790 853.097906 2169.123069 2.348341
F 136.678599 791.934828 -1.939805
E -2.737790 853.097906 2169.123069 2.348341
F 136.678599 791.934828 -1.939805
E -2.737790 853.097906 2169.123069 2.348341
