F 1811.280797 1851.341796 3.730403
E -0.597348 79.428793 63.350965 0.100053
W C 1291.0 1881.0 383.0 1458.0 482.0 682.0 1191.0 747.0 1693.0 1043.0 1805.0 190.0
F 1807.814528 1844.901074 3.730406
E -0.617503 69.546253 49.990165 0.081387
W C 1291.0 1881.0 383.0 1458.0 482.0 682.0 1191.0 747.0 1693.0 1043.0 1805.0 190.0
F 1806.397484 1842.333896 3.730251
E -0.625901 62.731790 42.573275 0.071041
W C 1291.0 1881.0 383.0 1458.0 482.0 682.0 1191.0 747.0 1693.0 1043.0 1805.0 190.0
F 1805.516358 1840.379212 3.729872
E -0.630575 57.615633 37.700938 0.064048
W C 1291.0 1881.0 383.0 1458.0 482.0 682.0 1191.0 747.0 1693.0 1043.0 1805.0 190.0
F 1805.100461 1839.003670 3.729464
E -0.633677 53.581732 34.188370 0.058858
W C 1291.0 1881.0 383.0 1458.0 482.0 682.0 1191.0 747.0 1693.0 1043.0 1805.0 190.0
F 1804.621754 1838.074180 3.729266
E -0.635915 50.292181 31.502788 0.054789
W C 1291.0 1881.0 383.0 1458.0 482.0 682.0 1191.0 747.0 1693.0 1043.0 1805.0 190.0
F 1804.319133 1837.478512 3.729140
E -0.637613 47.542427 29.363409 0.051480
W C 1291.0 1881.0 383.0 1458.0 482.0 682.0 1191.0 747.0 1693.0 1043.0 1805.0 190.0
F 1804.102869 1837.085289 3.729068
E -0.638940 45.199347 27.607385 0.048716
W C 1291.0 1881.0 383.0 1458.0 482.0 682.0 1191.0 747.0 1693.0 1043.0 1805.0 190.0
F 1803.955191 1836.788710 3.729006
E -0.640004 43.171689 26.132521 0.046360
W C 1291.0 1881.0 383.0 1458.0 482.0 682.0 1191.0 747.0 1693.0 1043.0 1805.0 190.0
F 1803.872805 1836.446298 3.728830
E -0.640882 41.394430 24.871069 0.044320
W C 1291.0 1881.0 383.0 1458.0 482.0 682.0 1191.0 747.0 1693.0 1043.0 1805.0 190.0
F 1803.769111 1836.291052 3.728817
E -0.641627 39.819873 23.776124 0.042530
W C 1291.0 1881.0 383.0 1458.0 482.0 682.0 1191.0 747.0 1693.0 1043.0 1805.0 190.0
F 1803.745821 1836.097493 3.728740
E -0.642257 38.412306 22.814017 0.040942
W C 1291.0 1881.0 383.0 1458.0 482.0 682.0 1191.0 747.0 1693.0 1043.0 1805.0 190.0
F 1803.822665 1835.936285 3.728630
E -0.642813 37.144191 21.959939 0.039521
W C 1291.0 1881.0 383.0 1458.0 482.0 682.0 1191.0 747.0 1693.0 1043.0 1805.0 190.0
F 1784.644516 1823.076043 3.729127
E -0.618531 35.454906 21.807677 0.070493
W C 1291.0 1881.0 383.0 1458.0 482.0 682.0 1191.0 747.0 1693.0 1043.0 1805.0 190.0
F 1750.991518 1800.414193 3.727492
E -0.542685 33.742703 22.907776 0.089246
W C 1291.0 1881.0 383.0 1458.0 482.0 682.0 1191.0 747.0 1693.0 1043.0 1805.0 190.0
F 1717.998174 1778.065939 -2.553321
E -0.447564 32.397610 23.603151 0.090153
W C 1291.0 1881.0 383.0 1458.0 482.0 682.0 1191.0 747.0 1693.0 1043.0 1805.0 190.0
F 1685.114704 1756.477879 -2.560452
E -0.348464 31.398229 24.061869 0.095495
W C 1291.0 1881.0 383.0 1458.0 482.0 682.0 1191.0 747.0 1693.0 1043.0
F 1686.861009 1758.154069 -2.559357
E -0.399727 30.451308 23.078993 0.074877
W C 1291.0 1881.0 383.0 1458.0 482.0 682.0 1191.0 747.0 1693.0 1043.0
F 1650.872256 1735.191202 -2.561345
E -0.273972 29.682915 23.371582 0.093917
W C 1291.0 1881.0 383.0 1458.0 482.0 682.0 1191.0 747.0 1693.0 1043.0
F 1616.399531 1712.932922 -2.561647
E -0.158409 29.106608 23.347890 0.095215
W C 1291.0 1881.0 383.0 1458.0 482.0 682.0 1191.0 747.0 1693.0 1043.0
F 1583.521526 1691.573611 -2.563670
E -0.064747 28.577550 23.135050 0.095103
W C 1291.0 1881.0 383.0 1458.0 482.0 682.0 1191.0 747.0 1693.0 1043.0
F 1551.616732 1670.732887 -2.565663
E 0.009759 28.020391 22.853671 0.094993
W C 1291.0 1881.0 383.0 1458.0 482.0 682.0 1191.0 747.0 1693.0 1043.0
F 1553.871415 1672.456831 -2.565725
E -0.111068 26.515885 22.040789 0.073683
W C 1291.0 1881.0 383.0 1458.0 482.0 682.0 1191.0 747.0 1693.0 1043.0
F 1517.870653 1649.283715 -2.564668
E 0.019881 26.228093 21.895016 0.093292
W C 1291.0 1881.0 383.0 1458.0 482.0 682.0 1191.0 747.0 1693.0 1043.0
F 1482.073375 1624.758082 -2.550074
E 0.206182 27.095209 22.038146 0.102263
W C 383.0 1458.0 482.0 682.0 1191.0 747.0 1693.0 1043.0
F 1481.017262 1624.425923 -2.555566
E 0.174502 26.352627 21.639026 0.080640
W C 383.0 1458.0 482.0 682.0 1191.0 747.0 1693.0 1043.0
F 1443.481734 1598.860311 -2.555867
E 0.330713 27.324546 21.456203 0.094680
W C 383.0 1458.0 482.0 682.0 1191.0 747.0 1805.0 190.0 1693.0 1043.0
F 1408.353651 1575.269341 -2.560359
E 0.419592 26.573157 21.107382 0.089459
W C 1291.0 1881.0 383.0 1458.0 482.0 682.0 1191.0 747.0 1805.0 190.0 1693.0 1043.0
F 1374.399768 1552.255017 -2.561822
E 0.492500 26.280666 20.745035 0.089166
W C 1291.0 1881.0 383.0 1458.0 482.0 682.0 1191.0 747.0 1805.0 190.0 1693.0 1043.0
F 1337.807512 1527.340495 -2.554548
E 0.528840 27.405089 20.517391 0.094901
W C 383.0 1458.0 482.0 682.0 1191.0 747.0 1805.0 190.0 1693.0 1043.0
F 1303.179312 1503.607329 -2.545938
E 0.562881 28.372893 20.289651 0.095781
W C 383.0 1458.0 482.0 682.0 1191.0 747.0 1805.0 190.0 1693.0 1043.0
F 1303.250060 1503.727997 -2.549779
E 0.542292 27.347286 19.811534 0.074466
W C 383.0 1458.0 482.0 682.0 1191.0 747.0 1805.0 190.0 1693.0 1043.0
F 1265.431898 1478.793196 -2.558123
E 0.577070 28.333259 19.478848 0.094284
W C 383.0 1458.0 482.0 682.0 1191.0 747.0 1805.0 190.0 1693.0 1043.0
F 1229.909428 1454.777962 -2.551056
E 0.600624 29.147932 19.276435 0.095983
W C 383.0 1458.0 482.0 682.0 1191.0 747.0 1805.0 190.0 1693.0 1043.0
F 1194.038941 1430.869180 -2.550694
E 0.620883 29.816253 19.130396 0.096214
W C 383.0 1458.0 482.0 682.0 1191.0 747.0 1805.0 190.0 1693.0 1043.0
F 1194.169862 1431.323109 -2.555184
E 0.606250 28.594290 18.665808 0.074712
W C 383.0 1458.0 482.0 682.0 1191.0 747.0 1805.0 190.0 1693.0 1043.0
F 1157.395781 1407.430919 -2.565312
E 0.621967 29.551671 18.488245 0.099857
W C 383.0 1458.0 482.0 682.0 1191.0 747.0 1805.0 190.0
F 1121.521028 1384.024830 -2.564894
E 0.629089 30.333099 18.450986 0.102512
W C 383.0 1458.0 482.0 682.0 1191.0 747.0 1805.0 190.0
F 1086.517615 1361.331836 -2.564650
E 0.634542 30.932644 18.468229 0.102713
W C 383.0 1458.0 482.0 682.0 1191.0 747.0 1805.0 190.0
F 1051.003676 1338.972419 -2.570813
E 0.639116 31.381222 18.502112 0.102836
W C 383.0 1458.0 482.0 682.0 1191.0 747.0 1805.0 190.0
F 1052.140968 1339.812673 -2.572489
E 0.631378 30.060538 18.085188 0.080304
W C 383.0 1458.0 482.0 682.0 1191.0 747.0 1805.0 190.0
F 1016.629514 1317.399505 -2.574508
E 0.634122 30.586223 17.951993 0.100461
W C 383.0 1458.0 482.0 682.0 1191.0 747.0 1805.0 190.0
F 982.120598 1295.526910 -2.570711
E 0.636721 30.960385 17.969170 0.102684
W C 383.0 1458.0 482.0 682.0 1191.0 747.0 1805.0 190.0
F 948.375022 1274.438181 -2.572274
E 0.639254 31.187904 18.042007 0.102887
W C 383.0 1458.0 482.0 682.0 1191.0 747.0 1805.0 190.0
F 950.461371 1276.241374 -2.574876
E 0.631245 29.717899 17.611707 0.080313
W C 383.0 1458.0 482.0 682.0 1191.0 747.0 1805.0 190.0
F 914.446442 1253.986145 -2.579073
E 0.632459 30.125045 17.532109 0.100661
W C 383.0 1458.0 482.0 682.0 1191.0 747.0 1805.0 190.0
F 879.549862 1232.520229 -2.580148
E 0.632869 30.372975 17.612548 0.102819
W C 383.0 1458.0 482.0 682.0 1191.0 747.0 1805.0 190.0
F 845.744217 1211.805251 -2.579130
E 0.632908 30.502046 17.754831 0.103154
W C 383.0 1458.0 482.0 682.0 1191.0 747.0 1805.0 190.0
F 811.789322 1191.792097 -2.584760
E 0.628630 30.600031 18.025192 0.112204
W C 383.0 1458.0 482.0 682.0 1191.0 747.0
F 811.488180 1192.345190 -2.589612
E 0.620870 28.998635 17.571040 0.088930
W C 383.0 1458.0 482.0 682.0 1191.0 747.0
F 775.585977 1171.237609 -2.593270
E 0.613625 29.316308 17.674475 0.110138
W C 383.0 1458.0 482.0 682.0 1191.0 747.0
F 739.178999 1150.019723 -2.598345
E 0.608624 29.496482 17.960340 0.113199
W C 383.0 1458.0 482.0 682.0 1191.0 747.0
F 705.422127 1130.606893 -2.598708
E 0.606980 29.567799 18.311615 0.113791
W C 383.0 1458.0 482.0 682.0 1191.0 747.0
F 705.192177 1131.531361 -2.606148
E 0.600968 28.332710 17.838854 0.095223
W C 383.0 1458.0 482.0 682.0
F 665.957672 1109.444466 -2.616846
E 0.586376 29.031383 18.088418 0.122483
W C 383.0 1458.0 482.0 682.0
F 628.749171 1088.939816 -2.626002
E 0.575598 29.466998 18.556501 0.127887
W C 383.0 1458.0 482.0 682.0
F 591.302436 1068.241394 -2.630743
E 0.576378 29.659159 19.110702 0.128988
W C 383.0 1458.0 482.0 682.0
F 591.106434 1068.419917 -2.630917
E 0.599828 28.152819 18.467949 0.104009
W C 383.0 1458.0 482.0 682.0
F 553.128415 1047.518988 -2.632826
E 0.606370 28.504326 18.804933 0.124856
W C 383.0 1458.0 482.0 682.0
F 514.370555 1026.480927 -2.637844
E 0.633807 28.655126 19.353619 0.129442
W C 383.0 1458.0 482.0 682.0
F 479.308173 1006.597981 -2.627422
E 0.682981 28.725913 20.021667 0.131537
W C 383.0 1458.0 482.0 682.0
F 444.196456 986.564029 -2.592236
E 0.748264 29.292820 20.721881 0.138624
W C 383.0 1458.0 482.0 682.0
F 444.630846 988.222935 -2.606798
E 2.368099 19.932825 27.540901 0.110790
W C 383.0 1458.0 482.0 682.0
F 408.821829 961.233677 -2.510364
E 2.436719 20.482121 30.226646 0.162176
W C 482.0 682.0
F 375.850143 929.747966 -2.402863
E 2.548323 20.952273 32.442348 0.153604
W C 482.0 682.0 1805.0 190.0
F 347.490736 897.103905 -2.309246
E 2.670208 21.317356 34.188776 0.155034
W C 482.0 682.0 1805.0 190.0
F 322.309105 861.922616 -2.215623
E 2.794802 21.647133 35.524026 0.158345
W C 482.0 682.0 1805.0 190.0
F 322.258105 861.634872 -2.217938
E 2.807175 21.009196 33.980095 0.132758
W C 482.0 682.0 1805.0 190.0
F 300.160058 824.057033 -2.123686
E 2.919437 21.131390 35.169725 0.156109
W C 482.0 682.0 1805.0 190.0
F 282.135336 783.542822 -2.012395
E 3.065098 21.735669 38.038906 0.201140
W C 482.0 682.0
F 269.599470 742.089394 -1.895018
E -3.043964 22.634892 41.751083 0.227832
W C 482.0 682.0
F 260.431834 698.397092 -1.796520
E -2.859771 23.698033 46.347830 0.249715
W C 482.0 682.0
F 260.431834 698.397092 -1.796520
E -2.859771 23.698033 46.347830 0.249715
W C
F 250.550768 660.886432 -1.719571
E -2.792073 25.696418 45.984954 0.208616
W C 1805.0 190.0
F 246.565901 619.986801 -1.613853
E -2.783926 27.689649 47.887973 0.200058
W C 1805.0 190.0
F 245.227392 578.941930 -1.535861
E -2.781686 29.287453 49.858367 0.195200
W C 1805.0 190.0
F 249.058610 577.943766 -1.507232
E -2.816962 28.179969 49.041645 0.138544
W C 1805.0 190.0 1191.0 747.0
F 257.958038 537.933475 -1.391571
E -2.808096 28.380614 50.619792 0.149406
W C 1805.0 190.0 1191.0 747.0
F 273.559396 498.202624 -1.252216
E -2.789915 28.157253 52.023821 0.133867
W C 1805.0 190.0 1191.0 747.0 1693.0 1043.0
F 292.707424 461.186375 -1.135485
E -2.759363 28.196639 53.087120 0.148062
W C 1805.0 190.0 1191.0 747.0
F 294.913897 460.740602 -1.127956
E -2.776936 27.534546 52.382703 0.119684
W C 1805.0 190.0 1191.0 747.0
F 321.329108 426.686940 -0.974255
E -2.736085 27.542757 53.239373 0.146137
W C 1805.0 190.0 1191.0 747.0
F 348.038572 396.463037 -0.876607
E -2.693158 27.766100 53.562562 0.147669
W C 1805.0 190.0 1191.0 747.0
F 380.754062 368.493131 -0.744483
E -2.642927 28.182206 53.927908 0.150815
W C 1805.0 190.0 1191.0 747.0
F 414.712938 344.986883 -0.632917
E -2.593004 28.652081 53.863851 0.149633
W C 1805.0 190.0 1191.0 747.0
F 416.708382 345.284368 -0.625457
E -2.610306 27.912027 52.938207 0.120131
W C 1805.0 190.0 1191.0 747.0
F 456.751207 327.694711 -0.468175
E -2.552488 28.413437 52.662831 0.145115
W C 1805.0 190.0 1191.0 747.0
F 494.960254 313.753476 -0.370589
E -2.492211 29.189895 52.043748 0.148568
W C 1805.0 190.0 1191.0 747.0
F 536.443709 305.618206 -0.236490
E -2.432314 29.938895 51.232337 0.148027
W C 1805.0 190.0 1191.0 747.0
F 540.805448 307.393119 -0.204032
E -2.453676 29.198922 50.132409 0.118834
W C 1805.0 190.0 1191.0 747.0
F 587.220936 304.811549 -0.116706
E -2.389301 29.365908 48.459453 0.120508
W C 1805.0 190.0 1191.0 747.0 1291.0 1881.0
F 632.805642 307.107331 -0.044293
E -0.745712 46.202957 29.694061 0.119864
W C 1805.0 190.0 1191.0 747.0 383.0 1458.0
F 676.082567 311.431383 0.002705
E -0.664782 44.207796 29.976663 0.119092
W C 1805.0 190.0 1191.0 747.0 383.0 1458.0
F 719.456409 316.524314 0.039661
E -0.573594 42.467571 30.111412 0.118225
W C 1805.0 190.0 1191.0 747.0 383.0 1458.0
F 719.854848 318.748825 0.045561
E -0.574323 40.788750 29.282380 0.095234
W C 1805.0 190.0 1191.0 747.0 383.0 1458.0
F 765.223408 322.597434 0.049873
E -0.455675 39.557785 29.242100 0.114661
W C 1805.0 190.0 1191.0 747.0 383.0 1458.0
F 809.771447 327.556084 0.063482
E -0.331868 38.665848 28.719718 0.107753
W C 1805.0 190.0 1191.0 747.0 1291.0 1881.0 383.0 1458.0
F 852.398053 332.182729 0.070111
E -0.212642 38.035465 28.349429 0.116272
W C 1805.0 190.0 1191.0 747.0 383.0 1458.0
F 894.173919 335.901032 0.067471
E -0.125703 37.265249 27.611329 0.107241
W C 1805.0 190.0 1693.0 1043.0 1191.0 747.0 383.0 1458.0
F 895.393874 335.684042 0.058734
E -0.160934 35.697309 26.992196 0.088911
W C 1805.0 190.0 1693.0 1043.0 1191.0 747.0
F 940.354159 338.285632 0.052400
E -0.087463 35.458217 26.317836 0.112697
W C 1805.0 190.0 1693.0 1043.0 1191.0 747.0
F 983.563040 341.016583 0.053738
E -0.028129 35.183989 25.688265 0.115667
W C 1805.0 190.0 1693.0 1043.0 1191.0 747.0
F 1024.357442 344.266315 0.066553
E 0.024189 34.922510 25.108787 0.116442
W C 1805.0 190.0 1693.0 1043.0 1191.0 747.0
F 1025.752554 343.910338 0.054759
E -0.001466 33.291175 24.642192 0.093821
W C 1805.0 190.0 1693.0 1043.0 1191.0 747.0
F 1068.930916 346.392587 0.053353
E 0.050040 33.269751 23.974712 0.113409
W C 1805.0 190.0 1693.0 1043.0 1191.0 747.0
F 1112.703327 348.644478 0.049872
E 0.090627 33.189373 23.478832 0.116292
W C 1805.0 190.0 1693.0 1043.0 1191.0 747.0
F 1154.779548 350.907695 0.052426
E 0.120953 33.019473 23.091945 0.116464
W C 1805.0 190.0 1693.0 1043.0 1191.0 747.0
F 1194.211195 353.430705 0.066974
E 0.143268 32.831213 22.777428 0.116667
W C 1805.0 190.0 1693.0 1043.0 1191.0 747.0
F 1194.996774 353.004112 0.054566
E 0.111451 31.091703 22.272188 0.093648
W C 1805.0 190.0 1693.0 1043.0 1191.0 747.0
F 1238.873457 355.250135 0.054147
E 0.131849 31.244520 21.844415 0.113579
W C 1805.0 190.0 1693.0 1043.0 1191.0 747.0
F 1281.425739 357.823993 0.082770
E 0.145907 31.825392 21.592463 0.121173
W C 1805.0 190.0 1693.0 1043.0 1191.0 747.0
F 1320.947568 362.876291 0.151830
E 0.164507 33.116244 21.413833 0.127698
W C 1805.0 190.0 1693.0 1043.0 1191.0 747.0
F 1320.525492 362.778935 0.144788
E 0.121180 31.220287 20.861826 0.098658
W C 1805.0 190.0 1693.0 1043.0 1191.0 747.0
F 1362.647725 377.887995 0.302608
E 0.168845 32.862560 20.440156 0.115551
W C 1805.0 190.0 1693.0 1043.0 1291.0 1881.0 1191.0 747.0
F 1400.012297 397.856892 0.443370
E 0.216654 32.957645 20.245263 0.112989
W C 1805.0 190.0 1693.0 1043.0 1291.0 1881.0 1191.0 747.0
F 1431.565073 417.464581 0.521638
E 0.270727 32.431122 20.224655 0.111291
W C 1805.0 190.0 1693.0 1043.0 1291.0 1881.0 1191.0 747.0
F 1432.467458 419.924450 0.538346
E 0.229239 30.215531 19.687316 0.089652
W C 1805.0 190.0 1693.0 1043.0 1191.0 747.0
F 1462.918311 448.118935 0.682985
E 0.318671 30.205281 19.790469 0.109543
W C 1805.0 190.0 1693.0 1043.0 1291.0 1881.0 1191.0 747.0
F 1488.519042 477.991580 0.796221
E 0.411837 29.782421 20.102442 0.109977
W C 1805.0 190.0 1693.0 1043.0 1291.0 1881.0 1191.0 747.0
F 1509.775919 505.481179 0.860227
E 0.537059 29.600072 20.715835 0.122848
W C 1805.0 190.0 1693.0 1043.0 1191.0 747.0
F 1524.834840 536.796670 1.003069
E 0.666846 29.676951 20.863965 0.104155
W C 1805.0 190.0 1693.0 1043.0 1291.0 1881.0 383.0 1458.0 1191.0 747.0
F 1522.043130 541.497717 1.048891
E 0.654871 27.307590 20.066745 0.075268
W C 1805.0 190.0 1693.0 1043.0 1291.0 1881.0 383.0 1458.0 1191.0 747.0 482.0 682.0
F 1531.857565 581.018700 1.245342
E 2.442908 20.272696 29.519085 0.105092
W C 1693.0 1043.0 1291.0 1881.0 383.0 1458.0 1191.0 747.0 482.0 682.0
F 1537.115107 620.426260 1.394649
E 2.600034 20.460777 30.882529 0.114213
W C 1693.0 1043.0 1291.0 1881.0 383.0 1458.0 1191.0 747.0
F 1534.783398 660.461952 1.571627
E 2.743305 20.641198 31.957705 0.126642
W C 1693.0 1043.0 383.0 1458.0 1191.0 747.0
F 1533.088557 666.579440 1.606413
E 2.691148 19.976452 30.306949 0.093307
W C 1693.0 1043.0 1291.0 1881.0 383.0 1458.0 1191.0 747.0
F 1522.560569 708.024244 1.788529
E 2.860973 20.485448 30.659149 0.113402
W C 1693.0 1043.0 1291.0 1881.0 383.0 1458.0 1191.0 747.0
F 1507.743417 745.043183 1.931186
E 2.999216 20.974867 30.169431 0.112828
W C 1693.0 1043.0 1291.0 1881.0 383.0 1458.0 1191.0 747.0
F 1489.046242 777.317779 2.065810
E 3.121806 21.391573 29.086867 0.111689
W C 1693.0 1043.0 1291.0 1881.0 383.0 1458.0 1191.0 747.0
F 1469.472504 805.228362 2.134387
E -3.089072 21.505485 27.257342 0.107328
W C 1693.0 1043.0 1291.0 1881.0 383.0 1458.0 1191.0 747.0
F 1463.718038 807.229067 2.200977
E 3.029881 20.774566 24.887343 0.082760
W C 1693.0 1043.0 1291.0 1881.0 383.0 1458.0 1191.0 747.0
F 1430.279900 840.083791 2.315722
E -3.126721 21.013662 23.693069 0.101140
W C 1693.0 1043.0 1291.0 1881.0 383.0 1458.0 1191.0 747.0
F 1395.336560 868.209891 2.394913
E -2.932483 21.254543 22.590648 0.095762
W C 1693.0 1043.0 1291.0 1881.0 383.0 1458.0 482.0 682.0 1191.0 747.0
F 1359.753340 895.216110 2.453394
E -2.461081 21.388059 22.893941 0.103609
W C 1291.0 1881.0 383.0 1458.0 482.0 682.0 1191.0 747.0
F 1354.597907 899.796514 2.452580
E -2.777223 20.878904 21.522142 0.082398
W C 1291.0 1881.0 383.0 1458.0 482.0 682.0 1191.0 747.0
F 1316.652430 929.283578 2.469276
E -0.704907 22.367960 20.682959 0.103682
W C 1291.0 1881.0 383.0 1458.0 482.0 682.0 1191.0 747.0
F 1280.218773 957.011298 2.482128
E -0.629589 24.399308 20.667007 0.112152
W C 1291.0 1881.0 383.0 1458.0 482.0 682.0
F 1244.164900 984.320151 2.487671
E -0.624586 26.175018 20.743373 0.113158
W C 1291.0 1881.0 383.0 1458.0 482.0 682.0
F 1242.778776 985.340314 2.487522
E -0.632074 25.587628 20.339481 0.089498
W C 1291.0 1881.0 383.0 1458.0 482.0 682.0
F 1206.585994 1012.858714 2.490070
E -0.631491 27.128472 20.248306 0.109731
W C 1291.0 1881.0 383.0 1458.0 482.0 682.0
F 1170.489839 1040.404252 2.490643
E -0.630419 28.467637 20.307631 0.112860
W C 1291.0 1881.0 383.0 1458.0 482.0 682.0
F 1134.461662 1068.297488 2.485979
E -0.629005 29.582052 20.421377 0.113216
W C 1291.0 1881.0 383.0 1458.0 482.0 682.0
F 1099.809621 1094.752641 2.489605
E -0.628196 30.500159 20.543003 0.113274
W C 1291.0 1881.0 383.0 1458.0 482.0 682.0
F 1065.825629 1120.733682 2.489958
E -0.626065 31.247738 20.654902 0.113320
W C 1291.0 1881.0 383.0 1458.0 482.0 682.0
F 1064.588904 1121.772949 2.489049
E -0.627750 30.162209 20.162176 0.089547
W C 1291.0 1881.0 383.0 1458.0 482.0 682.0
F 1029.261781 1148.859528 2.489036
E -0.625841 30.952863 20.080637 0.110378
W C 1291.0 1881.0 383.0 1458.0 482.0 682.0
F 994.055574 1175.925827 2.488584
E -0.622941 31.565277 20.135272 0.113054
W C 1291.0 1881.0 383.0 1458.0 482.0 682.0
F 958.729417 1201.842416 2.503196
E -0.603222 32.733814 20.432715 0.127414
W C 383.0 1458.0 482.0 682.0
F 959.187782 1202.283470 2.497009
E -0.615007 31.374457 19.831638 0.096147
W C 1291.0 1881.0 383.0 1458.0 482.0 682.0
F 922.976362 1229.795763 2.497510
E -0.591939 32.644355 19.933178 0.124665
W C 383.0 1458.0 482.0 682.0
F 891.588021 1253.893615 2.536805
E -0.571632 34.310965 20.063422 0.125246
W C 1291.0 1881.0 383.0 1458.0 482.0 682.0
F 861.151030 1271.535392 2.637598
E -0.525014 37.905829 20.136619 0.132627
W C 1291.0 1881.0 383.0 1458.0 482.0 682.0
F 838.008201 1282.727280 2.709274
E -0.489456 39.067628 20.027745 0.128812
W C 1291.0 1881.0 383.0 1458.0 482.0 682.0
F 837.797703 1279.503674 2.754986
E -0.491173 36.847941 19.541902 0.097152
W C 1291.0 1881.0 383.0 1458.0 482.0 682.0
F 806.557608 1281.317466 2.967825
E -0.431972 38.318558 19.446356 0.127411
W C 1291.0 1881.0 383.0 1458.0 482.0 682.0
F 774.876599 1278.173789 -3.117347
E -0.354318 40.006804 19.916700 0.146248
W C 383.0 1458.0 482.0 682.0
F 744.046666 1266.700766 -2.885972
E -0.264625 40.757784 20.865525 0.148224
W C 383.0 1458.0 482.0 682.0
F 743.696997 1264.723634 -2.852878
E -0.283003 38.998906 20.399613 0.114934
W C 383.0 1458.0 482.0 682.0
F 717.953050 1245.493299 -2.625701
E -0.154118 38.521963 22.165971 0.129820
W C 383.0 1458.0 482.0 682.0 1191.0 747.0
F 698.442462 1224.614355 -2.457842
E -0.033885 37.180596 23.960765 0.129016
W C 383.0 1458.0 482.0 682.0 1191.0 747.0
F 683.354786 1201.930726 -2.308003
E 0.109145 35.691044 25.605710 0.128731
W C 383.0 1458.0 482.0 682.0 1191.0 747.0
F 674.055079 1174.118245 -2.097626
E 0.294889 34.294523 26.810159 0.127794
W C 383.0 1458.0 482.0 682.0 1191.0 747.0
F 677.262189 1173.638805 -2.060471
E 0.263905 31.406822 25.727108 0.091263
W C 383.0 1458.0 482.0 682.0 1191.0 747.0 1693.0 1043.0
F 673.473866 1140.011391 -1.802927
E 0.757197 33.120284 26.982916 0.128615
W C 482.0 682.0 1191.0 747.0 1693.0 1043.0
F 671.964720 1108.856985 -1.663721
E 2.649612 27.082137 34.969739 0.130612
W C 482.0 682.0 1191.0 747.0 1693.0 1043.0
F 674.087384 1067.063746 -1.564908
E 2.758188 26.156481 34.950884 0.119271
W C 482.0 682.0 1191.0 747.0 1693.0 1043.0
F 680.041531 1065.327881 -1.493517
E 2.722339 25.163724 33.882569 0.094971
W C 482.0 682.0 1191.0 747.0 1693.0 1043.0
F 688.829124 1022.442580 -1.422118
E 2.823413 24.410924 33.573712 0.112343
W C 482.0 682.0 1191.0 747.0 1693.0 1043.0
F 702.319996 978.419906 -1.343637
E 2.884373 23.610886 32.989761 0.104700
W C 482.0 682.0 1805.0 190.0 1191.0 747.0 1693.0 1043.0
F 715.355797 937.972925 -1.309881
E 2.932089 22.993106 32.074962 0.103583
W C 482.0 682.0 1805.0 190.0 1191.0 747.0 1693.0 1043.0
F 727.588773 900.313767 -1.298276
E 2.967011 22.490930 30.909879 0.102906
W C 482.0 682.0 1805.0 190.0 1191.0 747.0 1693.0 1043.0
F 728.958122 897.145531 -1.299001
E 2.898343 21.628445 29.020290 0.080752
W C 482.0 682.0 1805.0 190.0 1191.0 747.0 1693.0 1043.0
F 741.427263 855.674588 -1.299167
E 2.967288 21.327216 28.228575 0.100943
W C 482.0 682.0 1805.0 190.0 1191.0 747.0 1693.0 1043.0
F 754.023049 813.462412 -1.300695
E 3.022936 21.204565 27.344044 0.103161
W C 482.0 682.0 1805.0 190.0 1191.0 747.0 1693.0 1043.0
F 766.203818 773.639325 -1.302363
E 3.082689 21.236118 26.469762 0.103596
W C 482.0 682.0 1805.0 190.0 1191.0 747.0 1693.0 1043.0
F 777.867627 738.304598 -1.302835
E -3.116108 21.393821 25.813374 0.104428
W C 482.0 682.0 1805.0 190.0 1191.0 747.0 1693.0 1043.0
F 778.734071 736.242641 -1.307262
E 3.126156 20.788279 23.760060 0.081261
W C 482.0 682.0 1805.0 190.0 1191.0 747.0 1693.0 1043.0
F 791.681768 696.355571 -1.277907
E -2.934784 20.917774 24.543661 0.106812
W C 482.0 682.0 1805.0 190.0 1191.0 747.0 1693.0 1043.0
F 806.610918 656.866906 -1.234467
E -2.788969 21.287922 25.433235 0.120726
W C 482.0 682.0 1805.0 190.0 1191.0 747.0
F 825.911192 615.886676 -1.149672
E -2.686455 21.910975 28.026058 0.139695
W C 1805.0 190.0 1191.0 747.0
F 827.561730 615.022332 -1.145808
E -2.706297 21.406932 27.541530 0.114540
W C 1805.0 190.0 1191.0 747.0
F 851.308075 575.779243 -1.055174
E -2.589761 21.786296 29.756337 0.140599
W C 1805.0 190.0 1191.0 747.0
F 876.981895 538.918430 -0.976700
E -2.484589 22.325175 31.622273 0.146278
W C 1805.0 190.0 1191.0 747.0
F 905.654762 504.846099 -0.890299
E -2.392453 22.889629 33.151458 0.147817
W C 1805.0 190.0 1191.0 747.0
F 907.004465 504.547974 -0.887250
E -2.424240 22.358849 32.160501 0.120949
W C 1805.0 190.0 1191.0 747.0
F 941.209732 472.686223 -0.781057
E -0.770487 33.533575 22.444132 0.129655
W C 1805.0 190.0 1693.0 1043.0 1191.0 747.0
F 976.667405 444.971022 -0.670631
E -0.683202 35.843397 22.557469 0.137504
W C 1805.0 190.0 1693.0 1043.0 1191.0 747.0
F 1011.843997 421.931655 -0.573607
E -0.601745 37.504091 22.662927 0.138043
W C 1805.0 190.0 1693.0 1043.0 1191.0 747.0
F 1048.654962 405.073466 -0.453200
E -0.537342 37.950614 22.683550 0.134166
W C 1805.0 190.0 1693.0 1043.0 1191.0 747.0
F 1051.922347 405.527769 -0.434953
E -0.569408 36.195843 22.116910 0.106719
W C 1805.0 190.0 1693.0 1043.0 1191.0 747.0
F 1092.795522 394.583214 -0.302921
E -0.489472 36.396197 22.024040 0.128296
W C 1805.0 190.0 1693.0 1043.0 1191.0 747.0
F 1132.892215 388.297839 -0.189029
E -0.409216 36.311678 22.073607 0.129731
W C 1805.0 190.0 1693.0 1043.0 1191.0 747.0
F 1170.559515 384.721412 -0.106572
E -0.323021 36.227529 22.204645 0.130383
W C 1805.0 190.0 1693.0 1043.0 1191.0 747.0
F 1212.466567 386.679565 -0.011021
E -0.260561 35.375372 22.208301 0.123135
W C 1805.0 190.0 1693.0 1043.0 1191.0 747.0
F 1215.776236 391.038456 0.038089
E -0.298240 33.531015 21.410664 0.093709
W C 1805.0 190.0 1693.0 1043.0 1291.0 1881.0 1191.0 747.0
F 1261.376468 397.381837 0.090618
E -0.220712 32.941754 21.374440 0.115173
W C 1805.0 190.0 1693.0 1043.0 1191.0 747.0
F 1305.615256 406.853709 0.150038
E -0.155181 32.428944 21.400334 0.117474
W C 1805.0 190.0 1693.0 1043.0 1191.0 747.0
F 1346.758816 418.253688 0.207067
E -0.090943 32.768682 21.418487 0.114080
W C 1805.0 190.0 1693.0 1043.0 1291.0 1881.0
F 1347.633412 419.328259 0.216433
E -0.111692 31.841004 20.933562 0.096027
W C 1805.0 190.0 1693.0 1043.0
F 1390.110092 430.725936 0.233995
E -0.050734 32.295983 20.812040 0.111478
W C 1805.0 190.0 1693.0 1043.0 1291.0 1881.0
F 1432.095029 442.038727 0.240133
E -0.010874 32.520455 20.736813 0.112789
W C 1805.0 190.0 1693.0 1043.0 1291.0 1881.0
F 1474.144180 452.204130 0.234610
E 0.011084 32.689543 20.829590 0.125645
W C 1805.0 190.0 1693.0 1043.0
F 1512.311026 462.645632 0.239860
E 0.024313 32.502752 20.840716 0.115018
W C 1805.0 190.0 1693.0 1043.0 1291.0 1881.0
F 1513.452331 462.851247 0.238818
E 0.003644 30.989910 20.316448 0.096285
W C 1805.0 190.0 1693.0 1043.0
F 1558.753534 473.615292 0.235862
E 0.014076 31.036739 20.319296 0.122852
W C 1805.0 190.0 1693.0 1043.0
F 1600.429551 483.954595 0.261674
E 0.021512 31.156127 20.650004 0.132603
W C 1805.0 190.0 1693.0 1043.0
F 1638.125364 495.259413 0.292442
E 0.042707 30.915303 21.027347 0.120565
W C 1805.0 190.0 1693.0 1043.0 1291.0 1881.0
F 1638.834421 497.594000 0.310099
E 0.018549 28.827800 20.365190 0.093218
W C 1805.0 190.0 1693.0 1043.0 1291.0 1881.0
F 1678.619068 516.127789 0.398723
E 0.084448 28.931972 20.717978 0.116905
W C 1805.0 190.0 1693.0 1043.0 1291.0 1881.0
F 1718.072264 539.149129 0.492601
E 0.170793 28.952436 21.365936 0.120659
W C 1805.0 190.0 1693.0 1043.0 1291.0 1881.0
F 1752.555716 560.099143 0.533357
E 0.263689 29.048088 22.397902 0.137079
W C 1805.0 190.0 1693.0 1043.0
F 1752.559048 560.284007 0.533656
E 0.313617 28.503464 22.003481 0.121049
W C 1693.0 1043.0
F 1788.405169 588.765039 0.667781
E 0.526225 31.874691 22.898686 0.149052
W C 1693.0 1043.0 383.0 1458.0
F 1819.569501 620.774201 0.799676
E 0.704342 35.192488 23.609089 0.156102
W C 1693.0 1043.0 383.0 1458.0
F 1846.004087 652.532326 0.890755
E 2.410760 24.002121 37.420226 0.154610
W C 1693.0 1043.0 383.0 1458.0
F 1868.379022 688.177073 0.993024
E 2.522806 24.195911 38.664346 0.149824
W C 1693.0 1043.0 383.0 1458.0
F 1867.848383 688.586518 0.998541
E 2.525968 23.696397 38.352311 0.136014
W C 1693.0 1043.0
F 1888.206496 730.891490 1.071085
E 2.641511 23.683445 39.114600 0.142254
W C 1693.0 1043.0 383.0 1458.0
F 1905.544681 773.369800 1.131180
E 2.748910 23.732616 39.701730 0.143364
W C 1693.0 1043.0 383.0 1458.0
F 1919.140853 819.402132 1.237248
E 2.831705 23.557901 39.465447 0.130386
W C 1291.0 1881.0 1693.0 1043.0 383.0 1458.0
F 1932.400010 865.527567 1.289210
E 2.919764 23.311258 38.976574 0.130591
W C 1291.0 1881.0 1693.0 1043.0 383.0 1458.0
F 1933.647920 871.735266 1.291412
E 2.919668 22.839836 37.155092 0.114078
W C 1291.0 1881.0 1693.0 1043.0
F 1941.730333 921.592666 1.388928
E 3.023072 22.625815 37.330905 0.147280
W C 1291.0 1881.0 1693.0 1043.0
F 1945.297838 971.102043 1.479933
E 3.137413 22.696204 37.131011 0.154690
W C 1291.0 1881.0 1693.0 1043.0
F 1944.898288 1015.736823 1.557896
E -3.038826 22.756404 36.033105 0.137496
W C 1291.0 1881.0 1693.0 1043.0 482.0 682.0
F 1943.163733 1023.274916 1.571432
E -3.062498 22.214343 33.173938 0.109995
W C 1291.0 1881.0 383.0 1458.0 1693.0 1043.0
F 1938.165387 1072.221046 1.658132
E -2.940138 22.304105 33.793183 0.149319
W C 383.0 1458.0 1693.0 1043.0
F 1928.157300 1117.537457 1.756331
E -2.892058 22.710371 34.747696 0.141662
W C 1291.0 1881.0 383.0 1458.0
F 1914.851981 1162.601223 1.841546
E -2.862747 23.193106 36.172744 0.140156
W C 1291.0 1881.0 383.0 1458.0
F 1899.411334 1204.917832 1.914875
E -2.838071 23.612953 37.406754 0.138332
W C 1291.0 1881.0 383.0 1458.0
F 1896.180264 1207.045513 1.933054
E -2.862261 22.898958 36.716598 0.102543
W C 1291.0 1881.0 383.0 1458.0 482.0 682.0
F 1873.029276 1249.321968 2.037569
E -2.821378 22.872885 37.956731 0.119376
W C 1291.0 1881.0 383.0 1458.0 482.0 682.0
F 1849.340146 1288.934495 2.100256
E -2.768408 22.817107 38.850260 0.112074
W C 1291.0 1881.0 383.0 1458.0 482.0 682.0 1191.0 747.0
F 1823.133690 1325.942920 2.172891
E -2.717093 22.737013 39.483844 0.111074
W C 1291.0 1881.0 383.0 1458.0 482.0 682.0 1191.0 747.0
F 1820.298256 1327.049448 2.189622
E -2.732387 22.071399 38.458629 0.086718
W C 1291.0 1881.0 383.0 1458.0 482.0 682.0 1191.0 747.0
F 1789.103573 1361.569461 2.283179
E -2.672337 21.920758 39.001872 0.108741
W C 1291.0 1881.0 383.0 1458.0 482.0 682.0 1191.0 747.0
F 1754.901626 1393.422311 2.375406
E -2.613149 21.898824 39.357073 0.110303
W C 1291.0 1881.0 383.0 1458.0 482.0 682.0 1191.0 747.0
F 1720.738665 1422.048571 2.440533
E -2.554992 21.911123 39.525298 0.109940
W C 1291.0 1881.0 383.0 1458.0 482.0 682.0 1191.0 747.0
F 1686.095376 1447.575669 2.504318
E -2.500901 21.874061 39.551246 0.109290
W C 1291.0 1881.0 383.0 1458.0 482.0 682.0 1191.0 747.0
F 1683.725993 1447.560429 2.523104
E -2.517570 21.219833 38.286202 0.085227
W C 1291.0 1881.0 383.0 1458.0 482.0 682.0 1191.0 747.0
F 1644.296109 1469.922561 2.604497
E -2.460535 21.083729 38.183649 0.104926
W C 1291.0 1881.0 383.0 1458.0 482.0 682.0 1191.0 747.0
F 1602.542176 1490.010312 2.658295
E -2.412412 20.981132 37.868223 0.104487
W C 1291.0 1881.0 383.0 1458.0 482.0 682.0 1191.0 747.0
F 1563.300263 1508.643867 2.679173
E -2.369773 20.859190 37.493744 0.103993
W C 1291.0 1881.0 383.0 1458.0 482.0 682.0 1191.0 747.0
F 1562.061167 1509.041802 2.679688
E -2.387980 20.224100 36.128694 0.081756
W C 1291.0 1881.0 383.0 1458.0 482.0 682.0 1191.0 747.0
F 1521.677645 1528.840553 2.676405
E -0.753090 36.826684 20.422515 0.112295
W C 383.0 1458.0 482.0 682.0 1191.0 747.0
F 1482.522453 1548.050616 2.681773
E -0.727048 36.298798 20.224739 0.103947
W C 1291.0 1881.0 383.0 1458.0 482.0 682.0 1191.0 747.0
F 1442.975952 1567.666766 2.680696
E -0.712616 35.679038 19.917964 0.102679
W C 1291.0 1881.0 383.0 1458.0 482.0 682.0 1191.0 747.0
F 1403.199546 1586.114919 2.696330
E -0.660239 36.535146 20.274974 0.115685
W C 383.0 1458.0 482.0 682.0 1191.0 747.0
F 1402.795610 1586.727648 2.686948
E -0.661132 36.030957 19.863071 0.093404
W C 383.0 1458.0 482.0 682.0 1191.0 747.0
F 1362.209569 1605.399105 2.719151
E -0.592558 37.314685 20.271991 0.119773
W C 383.0 1458.0 482.0 682.0 1191.0 747.0
F 1322.752330 1621.375031 2.766990
E -0.529922 38.466004 20.776845 0.123416
W C 383.0 1458.0 482.0 682.0 1191.0 747.0
F 1281.414799 1634.427602 2.836303
E -0.468536 39.564033 21.300007 0.124662
W C 383.0 1458.0 482.0 682.0 1191.0 747.0
F 1281.305251 1633.826762 2.843507
E -0.478383 38.913066 20.738371 0.098809
W C 383.0 1458.0 482.0 682.0 1191.0 747.0
F 1236.584281 1641.390344 2.949454
E -0.413431 39.854672 21.057750 0.121558
W C 383.0 1458.0 482.0 682.0 1191.0 747.0
F 1193.082610 1646.474671 3.010956
E -0.353745 40.326500 21.458335 0.121300
W C 383.0 1458.0 482.0 682.0 1191.0 747.0
F 1149.538376 1648.572297 3.055991
E -0.298155 40.632085 21.818984 0.119152
W C 383.0 1458.0 482.0 682.0 1191.0 747.0
F 1106.547552 1650.764790 3.076001
E -0.245655 40.871723 22.095934 0.118383
W C 383.0 1458.0 482.0 682.0 1191.0 747.0
F 1106.994477 1650.704645 3.076329
E -0.254263 40.006331 21.505607 0.095359
W C 383.0 1458.0 482.0 682.0 1191.0 747.0
F 1062.721346 1654.066933 3.070809
E -0.201798 40.336356 21.553714 0.114945
W C 383.0 1458.0 482.0 682.0 1191.0 747.0
F 1019.570266 1656.694037 3.079374
E -0.154312 40.710197 21.652093 0.117935
W C 383.0 1458.0 482.0 682.0 1191.0 747.0
F 976.976575 1659.232545 3.086528
E -0.109639 41.082958 21.740697 0.118390
W C 383.0 1458.0 482.0 682.0 1191.0 747.0
F 976.706756 1660.377108 3.073944
E -0.117988 40.149055 21.149573 0.095462
W C 383.0 1458.0 482.0 682.0 1191.0 747.0
F 932.429752 1663.723272 3.074467
E -0.074621 40.684868 21.051899 0.115776
W C 383.0 1458.0 482.0 682.0 1191.0 747.0
F 888.764556 1667.973636 3.061308
E -0.040519 41.257986 21.156435 0.129041
W C 383.0 1458.0 482.0 682.0
F 844.958002 1671.793870 3.062476
E -0.008077 41.872110 21.318262 0.132143
W C 383.0 1458.0 482.0 682.0
F 845.118426 1672.462721 3.057012
E -0.017822 41.012051 20.746083 0.108543
W C 383.0 1458.0 482.0 682.0
F 800.367991 1677.239077 3.047587
E 0.015048 41.719945 20.691058 0.128957
W C 383.0 1458.0 482.0 682.0
F 756.939626 1681.218497 3.054353
E 0.049517 42.425200 20.764425 0.133227
W C 383.0 1458.0 482.0 682.0
F 713.393370 1685.152760 3.060064
E 0.087807 43.126162 20.845898 0.134756
W C 383.0 1458.0 482.0 682.0
F 672.710300 1687.807433 3.075954
E 0.129006 43.714919 20.843549 0.134933
W C 383.0 1458.0 482.0 682.0
F 667.039570 1689.407910 3.069820
E 0.132202 42.843453 20.213613 0.113417
W C 383.0 1458.0 482.0 682.0
F 666.192304 1691.044815 3.055361
E 0.126560 41.951240 19.758860 0.100704
W C 383.0 1458.0 482.0 682.0
F 665.497113 1692.019703 3.047978
E 0.121169 41.117779 19.420058 0.092433
W C 383.0 1458.0 482.0 682.0
F 664.898017 1692.721904 3.043453
E 0.115967 40.336642 19.139174 0.086503
W C 383.0 1458.0 482.0 682.0
F 664.261274 1693.221847 3.040610
E 0.110933 39.602465 18.892487 0.081979
W C 383.0 1458.0 482.0 682.0
F 663.677753 1693.668417 3.038710
E 0.106064 38.910551 18.668319 0.078373
W C 383.0 1458.0 482.0 682.0
F 663.125903 1694.054439 3.037432
E 0.101351 38.256892 18.460358 0.075404
W C 383.0 1458.0 482.0 682.0
F 662.619770 1694.397637 3.036555
E 0.096785 37.637979 18.264786 0.072898
W C 383.0 1458.0 482.0 682.0
