F 1824.839883 1880.660829 3.717551
F 1824.839883 1880.660829 3.717551
F 1824.839883 1880.660829 3.717551
F 1824.839883 1880.660829 3.717551
F 1824.839883 1880.660829 3.717551
F 1824.839883 1880.660829 3.717551
F 1824.839883 1880.660829 3.717551
F 1824.839883 1880.660829 3.717551
F 1824.839883 1880.660829 3.717551
F 1824.839883 1880.660829 3.717551
F 1824.839883 1880.660829 3.717551
F 1824.839883 1880.660829 3.717551
F 1824.839883 1880.660829 3.717551
F 1804.058465 1867.165218 3.717551
F 1766.886069 1843.025182 3.717551
F 1729.210438 1818.699084 -2.567886
F 1691.397536 1794.263968 -2.567886
F 1691.397536 1794.263968 -2.567886
F 1653.877757 1770.018271 -2.567886
F 1616.275577 1745.578789 -2.565634
F 1578.599946 1721.252690 -2.567886
F 1540.997766 1696.813207 -2.565634
F 1540.997766 1696.813207 -2.565634
F 1503.322134 1672.487109 -2.567886
F 1465.719954 1648.047626 -2.565634
F 1465.719954 1648.047626 -2.565634
F 1428.044322 1623.721527 -2.567886
F 1390.442142 1599.282045 -2.565634
F 1352.766511 1574.955946 -2.567886
F 1315.164331 1550.516463 -2.565634
F 1277.488699 1526.190365 -2.567886
F 1277.488699 1526.190365 -2.567886
F 1239.886519 1501.750882 -2.565634
F 1202.210887 1477.424783 -2.567886
F 1164.397986 1452.989667 -2.567886
F 1164.397986 1452.989667 -2.567886
F 1126.878207 1428.743971 -2.567886
F 1089.276027 1404.304488 -2.565634
F 1051.600395 1379.978390 -2.567886
F 1013.787493 1355.543274 -2.567886
F 1013.787493 1355.543274 -2.567886
F 976.267715 1331.297577 -2.567886
F 938.665535 1306.858094 -2.565634
F 900.989903 1282.531996 -2.567886
F 900.989903 1282.531996 -2.567886
F 863.387723 1258.092513 -2.565634
F 825.712092 1233.766415 -2.567886
F 787.899190 1209.331299 -2.567886
F 749.793165 1184.706763 -2.567886
F 749.793165 1184.706763 -2.567886
F 712.190984 1160.267280 -2.565634
F 674.515353 1135.941182 -2.567886
F 636.913173 1111.501699 -2.565634
F 636.913173 1111.501699 -2.565634
F 599.237541 1087.175600 -2.567886
F 561.635361 1062.736118 -2.565634
F 523.959730 1038.410019 -2.567886
F 523.959730 1038.410019 -2.567886
F 486.357549 1013.970536 -2.565634
F 448.681918 989.644438 -2.567886
F 411.468703 964.613114 -2.552124
F 377.464078 935.793039 -2.455305
F 377.464078 935.793039 -2.455305
F 345.934246 903.554975 -2.360737
F 317.797051 868.535463 -2.263918
F 293.185236 831.166998 -2.169350
F 272.211979 791.641487 -2.074782
F 272.211979 791.641487 -2.074782
F 255.248932 750.420542 -1.977963
F 242.105103 707.099556 -1.881144
F 233.481608 663.721759 -1.784324
F 228.743114 619.056427 -1.692008
F 228.743114 619.056427 -1.692008
F 232.601956 573.423669 -1.514131
F 245.011497 530.378809 -1.322744
F 264.504218 490.859466 -1.144866
F 264.504218 490.859466 -1.144866
F 288.159467 457.105933 -0.994008
F 317.427953 426.609017 -0.838647
F 350.261202 401.142756 -0.692292
F 350.261202 401.142756 -0.692292
F 386.376212 380.934259 -0.543686
F 424.186138 365.991915 -0.408589
F 465.627837 356.799706 -0.250976
F 507.257582 353.891897 -0.102369
F 507.257582 353.891897 -0.102369
F 548.510488 357.189625 0.046237
F 589.126481 366.825773 0.199347
F 627.871662 382.327448 0.347953
F 627.871662 382.327448 0.347953
F 669.076894 399.149893 0.381727
F 710.651381 415.965789 0.383979
F 752.276335 432.656368 0.381727
F 793.409079 449.167749 0.381727
F 793.409079 449.167749 0.381727
F 834.983566 465.983644 0.383979
F 876.726201 482.849077 0.383979
F 918.792423 499.845251 0.383979
F 960.417377 516.535830 0.381727
F 960.417377 516.535830 0.381727
F 1001.991864 533.351725 0.383979
F 1043.087327 549.955679 0.383979
F 1084.829962 566.821113 0.383979
F 1084.829962 566.821113 0.383979
F 1126.249011 583.555806 0.383979
F 1167.991646 600.421240 0.383979
F 1209.410695 617.155933 0.383979
F 1251.153330 634.021367 0.383979
F 1251.153330 634.021367 0.383979
F 1292.005434 651.668885 0.404243
F 1331.363589 674.038592 0.501063
F 1365.683393 703.006920 0.672185
F 1365.683393 703.006920 0.672185
F 1393.914001 738.234400 0.863572
F 1414.488406 774.776068 1.023437
F 1429.636490 813.648084 1.167540
F 1429.636490 813.648084 1.167540
F 1438.765961 853.829071 1.313895
F 1442.323410 894.508457 1.451243
F 1439.750772 936.160258 1.599850
F 1430.216678 972.241164 1.775476
F 1430.216678 972.241164 1.775476
F 1414.218845 1005.613429 1.960108
F 1392.551787 1035.594933 2.140237
F 1365.863908 1061.209559 2.320366
F 1365.863908 1061.209559 2.320366
F 1333.639834 1081.833017 2.516256
F 1298.716430 1095.635447 2.707643
F 1262.385145 1102.683600 2.892276
F 1222.987572 1106.489106 3.013863
F 1222.987572 1106.489106 3.013863
F 1178.175451 1112.363688 3.011611
F 1134.038183 1118.014601 3.013863
F 1089.730098 1123.705047 3.013863
F 1089.730098 1123.705047 3.013863
F 1044.571870 1129.624475 3.011611
F 1000.088496 1135.320234 3.013863
F 955.622481 1141.149969 3.011611
F 955.622481 1141.149969 3.011611
F 911.673377 1146.894930 3.011611
F 867.190002 1152.590689 3.013863
F 822.723988 1158.420424 3.011611
F 778.240613 1164.116183 3.013863
F 733.774599 1169.945919 3.011611
F 733.774599 1169.945919 3.011611
F 689.133383 1175.781351 3.011611
F 644.838223 1181.571548 3.011611
F 600.197007 1187.406980 3.011611
F 600.197007 1187.406980 3.011611
F 555.496302 1192.773238 3.020618
F 510.725219 1189.228780 -3.091445
F 472.395486 1173.136350 -2.807742
F 445.677354 1152.411787 -2.573574
F 445.677354 1152.411787 -2.573574
F 424.105782 1125.462063 -2.334903
F 409.807637 1095.426394 -2.107490
F 402.731933 1062.361300 -1.873323
F 402.731933 1062.361300 -1.873323
F 403.813432 1027.833365 -1.630148
F 412.492813 995.531002 -1.400484
F 428.151944 966.181897 -1.173071
F 449.341495 941.494551 -0.954664
F 449.341495 941.494551 -0.954664
F 475.937988 921.820312 -0.729503
F 506.539742 908.379236 -0.504342
F 545.925055 889.964688 -0.448052
F 545.925055 889.964688 -0.448052
F 586.081197 870.793996 -0.445800
F 626.387225 851.532332 -0.445800
F 667.008144 832.120187 -0.445800
F 706.999282 813.009005 -0.445800
F 706.999282 813.009005 -0.445800
F 747.620201 793.596860 -0.445800
F 788.241120 774.184715 -0.445800
F 828.547148 754.923051 -0.445800
F 869.168067 735.510906 -0.445800
F 869.168067 735.510906 -0.445800
F 911.982647 720.303900 -0.355735
F 955.589538 709.510057 -0.258916
F 1000.035624 702.982163 -0.162097
F 1000.035624 702.982163 -0.162097
F 1044.721871 700.683714 -0.067529
F 1089.774285 702.608055 0.027039
F 1133.909014 708.856013 0.123858
F 1133.909014 708.856013 0.123858
F 1177.281125 719.946922 0.231936
F 1217.832546 739.784383 0.423323
F 1253.567477 766.800515 0.614710
F 1282.607976 796.786572 0.767819
F 1282.607976 796.786572 0.767819
F 1306.979093 829.760034 0.902916
F 1326.295332 865.342859 1.040265
F 1340.577097 904.554110 1.188871
F 1353.753596 945.440104 1.247413
F 1353.753596 945.440104 1.247413
F 1367.949302 987.796562 1.247413
F 1382.145009 1030.153020 1.247413
F 1396.229811 1072.178568 1.247413
F 1396.229811 1072.178568 1.247413
F 1410.479546 1115.068916 1.249665
F 1424.469687 1157.126071 1.249665
F 1438.680146 1199.845543 1.249665
F 1452.890604 1242.565015 1.249665
F 1452.890604 1242.565015 1.249665
F 1466.990904 1284.953329 1.249665
F 1477.282345 1329.012937 1.328471
F 1483.154670 1373.371243 1.423039
F 1483.154670 1373.371243 1.423039
F 1484.677281 1417.920013 1.519858
F 1481.888078 1463.105060 1.616677
F 1474.942556 1506.955569 1.711245
F 1474.942556 1506.955569 1.711245
F 1460.095795 1549.695566 1.877865
F 1437.443669 1588.536603 2.067000
F 1410.164513 1621.310378 2.231368
F 1380.118161 1650.647970 2.343948
F 1380.118161 1650.647970 2.343948
F 1348.675733 1682.870077 2.343948
F 1317.720784 1714.592616 2.343948
F 1283.859447 1744.057595 2.413748
F 1247.574459 1769.935887 2.506065
F 1247.574459 1769.935887 2.506065
F 1208.436946 1792.348262 2.605136
F 1167.172174 1810.967785 2.701955
F 1124.825732 1825.421934 2.796523
F 1124.825732 1825.421934 2.796523
F 1081.106203 1835.750087 2.893342
F 1037.125319 1841.815506 2.987910
F 991.545556 1843.712031 3.084729
F 947.562789 1841.297280 -3.103888
F 947.562789 1841.297280 -3.103888
F 902.961732 1834.651323 -3.009321
F 858.894907 1823.529494 -2.910250
F 816.406307 1808.425126 -2.815682
F 816.406307 1808.425126 -2.815682
F 776.067766 1789.459014 -2.718863
F 737.440708 1766.523924 -2.622043
F 700.997703 1739.965865 -2.527476
F 667.775935 1710.513843 -2.432908
F 667.775935 1710.513843 -2.432908
F 636.074174 1678.993992 -2.369863
F 603.850215 1647.803789 -2.372114
F 571.512815 1616.479948 -2.372114
F 571.512815 1616.479948 -2.372114
F 539.426092 1585.398928 -2.372114
F 507.296237 1554.111795 -2.369863
F 475.072279 1522.921592 -2.372114
F 442.484201 1491.354931 -2.372114
F 442.484201 1491.354931 -2.372114
F 413.596205 1456.969822 -2.284301
F 388.659072 1420.659297 -2.189734
F 366.703178 1381.068809 -2.092914
F 366.703178 1381.068809 -2.092914
F 348.649883 1339.746882 -1.998347
F 332.945651 1297.896214 -1.939805
F 316.659888 1256.111215 -1.942056
F 300.626320 1214.602710 -1.939805
F 300.626320 1214.602710 -1.939805
F 284.513547 1172.937784 -1.939805
F 268.227783 1131.152784 -1.942056
F 252.067968 1089.318915 -1.939805
F 252.067968 1089.318915 -1.939805
F 235.529709 1046.883185 -1.942056
F 219.449778 1005.579866 -1.942056
F 203.289962 963.745997 -1.939805
F 203.289962 963.745997 -1.939805
F 187.051308 921.755562 -1.939805
F 170.765544 879.970563 -1.942056
F 154.605729 838.136694 -1.939805
F 138.951202 797.978520 -1.942056
F 136.678599 791.934828 -1.939805
F 136.678599 791.934828 -1.939805
F 136.678599 791.934828 -1.939805
F 136.678599 791.934828 -1.939805
F 136.678599 791.934828 -1.939805
F 136.678599 791.934828 -1.939805
F 136.678599 791.934828 -1.939805
F 136.678599 791.934828 -1.939805
