D C 364.9 -287.9 1415.4 -461.6 1742.8 248.9 1129.7 565.4 538.4 591.2 896.5 1317.5
D C 366.0 -288.8 1416.7 -462.0 1741.8 248.8 1129.9 565.4 540.6 593.7 897.6 1319.0
D C 366.2 -289.0 1418.2 -462.5 1741.8 248.8 1131.1 566.1 541.5 594.6 900.0 1322.6
D C 366.2 -288.9 1417.4 -462.3 1737.0 248.1 1129.5 565.3 540.5 593.6 896.8 1317.9
D C 365.1 -288.1 1419.4 -462.9 1739.8 248.5 1128.6 564.8 537.0 589.7 898.0 1319.6
D C 365.1 -288.1 1413.4 -460.9 1740.2 248.6 1129.9 565.5 538.2 591.0 896.5 1317.5
D C 364.7 -287.8 1418.5 -462.6 1734.9 247.8 1132.6 566.8 539.8 592.8 897.2 1318.4
D C 364.9 -287.9 1417.5 -462.3 1738.0 248.2 1131.9 566.5 540.7 593.8 897.5 1318.9
D C 365.2 -288.2 1416.6 -462.0 1739.8 248.5 1132.5 566.8 539.6 592.6 898.1 1319.8
D C 365.8 -288.6 1417.7 -457.6 1739.7 248.5 1129.9 565.5 539.5 592.4 897.2 1318.4
D C 364.1 -287.3 1419.0 -462.8 1739.0 248.4 1133.0 567.0 539.7 592.7 898.8 1320.8
D C 364.5 -287.7 1416.9 -462.1 1743.3 249.0 1132.5 566.8 539.1 592.1 896.9 1318.1
D C 365.0 -288.0 1423.0 -464.1 1741.8 248.8 1130.1 565.6 541.0 594.1 897.9 1319.5
D C 365.2 -288.2 1416.0 -461.8 1740.2 248.6 1131.2 566.1 539.4 592.4 896.8 1317.9
D C 352.2 -286.8 1402.9 -457.5 1715.5 250.4 1074.3 550.0 518.5 594.6 878.1 1325.0
D C 313.8 -287.5 1365.2 -463.9 1681.8 240.2 1048.8 549.2 488.9 592.9 846.9 1321.6
D C 279.2 -282.2 1324.1 -454.4 1640.5 244.6 1000.7 547.8 445.3 586.2
D C 262.4 -283.8 1277.2 -447.1 1622.9 242.0 985.4 543.3 432.6 584.3
D C 216.5 -277.0 1229.1 -443.0 1564.3 248.0 933.0 544.7 379.5 588.2
D C 187.9 -278.9 1197.8 -440.1 1532.9 243.0 902.1 541.6 348.6 590.7
D C 155.6 -278.2 1169.5 -441.9 1500.5 242.6 873.3 546.4 318.8 593.1
D C 125.5 -277.9 1131.1 -439.3 1466.0 246.2 832.9 546.4 280.4 594.1
D C 113.1 -277.2 1117.5 -438.0 1443.4 251.6 818.1 551.1 264.3 597.6
D C 67.2 -278.1 1066.3 -436.9 1395.6 247.7 770.4 547.0 214.8 601.8
D C 1026.6 -435.5 1364.7 246.5 735.6 539.4 184.2 595.6
D C 997.1 -433.8 1324.9 251.9 698.2 545.7 146.0 600.5
D C 958.2 -434.5 1292.7 249.9 666.4 544.3 474.7 1317.1 112.0 603.8
D C -48.5 -285.8 925.1 -422.9 1257.2 251.0 631.5 545.5 438.5 1317.1 81.6 604.0
D C -78.6 -288.4 896.0 -426.3 1220.4 251.5 601.9 546.3 407.1 1316.5 48.0 606.7
D C 848.2 -429.4 1172.2 252.8 550.1 540.9 358.9 1316.4 -4.2 609.6
D C 833.9 -428.6 1149.7 255.4 535.0 545.7 342.8 1320.9 -21.1 610.9
D C 801.3 -430.7 1119.8 252.3 506.2 542.3 317.0 1321.4 -51.5 614.4
D C 743.2 -420.3 1069.2 254.8 450.7 543.2 262.7 1326.0 -104.8 612.2
D C 724.6 -421.6 1054.6 251.3 437.8 541.0 248.2 1316.0 -122.5 613.4
D C 681.4 -422.0 1006.0 252.8 390.4 541.0 199.3 1322.5 -167.7 618.9
D C 664.2 -417.0 990.9 255.5 375.1 544.0 182.3 1319.4 -184.1 619.0
D C 632.6 -416.4 954.7 261.8 340.5 546.0 145.9 1324.3
D C 600.0 -416.4 924.3 259.6 313.0 545.7 117.1 1324.1
D C 565.1 -415.8 892.5 259.6 281.0 546.6 85.1 1335.0
D C 518.1 -408.9 845.8 268.6 232.5 552.9 27.6 1332.7
D C 506.2 -414.8 830.8 263.9 219.6 550.2 27.7 1337.3
D C 477.6 -411.3 797.6 264.2 186.2 548.0 -17.4 1336.7
D C 442.9 -413.4 768.5 265.0 157.6 551.3 -38.3 1350.2
D C 412.3 -411.7 732.1 265.1 123.6 552.2 -83.4 1341.0
D C 396.0 -412.7 718.6 267.7 109.5 552.9 -99.9 1340.5
D C 351.1 -414.0 669.9 270.9 62.8 555.0 -150.2 1344.9
D C 320.9 -415.8 639.9 270.2 31.9 553.6 -180.6 1353.2
D C 291.5 -415.9 612.0 274.1 1.3 557.3 -209.2 1346.5
D C 259.1 -419.8 579.9 274.8 -29.7 560.6
D C 214.4 -418.7 534.3 275.6 -76.7 561.9
D C 201.0 -417.5 520.5 278.7 -95.3 567.1
D C 156.5 -420.1 471.2 282.9 -139.0 568.0
D C 142.9 -418.5 452.7 285.2 -155.2 572.6
D C 110.2 -416.7 423.6 285.4
D C 66.5 -419.3 375.4 287.9
D C 49.9 -423.1 356.3 291.0
D C 4.2 -422.5 309.2 293.0
D C -11.4 -425.9 290.8 293.1
D C -39.0 -426.5 257.8 295.7
D C -86.6 -430.1 204.9 297.1
D C -102.3 -432.3 187.1 295.9
D C -146.8 -436.5 137.0 299.6
D C -165.7 -434.5 126.2 295.0
D C 111.4 279.3
D C 87.3 262.1 -513.4 1503.6
D C 78.5 256.7 -485.0 1510.9
D C 53.9 237.6 -385.1 1552.8
D C 44.0 233.1 -357.2 1562.8
D C 28.3 225.5 -276.6 1587.1
D C 12.0 220.5
D C -3.5 218.5
D C -31.5 220.8
D C
D C 122.1 1605.2
D C 253.5 1583.1
D C 310.7 1567.9
D C 493.5 1497.5 -73.5 911.2
D C 546.3 1473.2 -45.1 905.1
D C 718.3 1366.3 51.8 899.4 -70.7 1510.6
D C 821.0 1281.3 108.2 882.4
D C 865.4 1230.7 138.0 879.0
D C 990.5 1087.7 221.3 842.1
D C 1034.3 1035.8 249.3 824.2
D C 1117.9 868.2 321.9 778.7
D C 1169.4 756.9 368.4 738.9
D C 1186.4 692.7 388.9 718.3
D C 1228.1 496.6 441.6 640.4
D C 1241.8 441.1 458.4 619.1
D C 1244.9 232.8 503.6 533.0
D C 1219.6 102.2 521.9 470.9
D C 1209.0 41.7 528.2 442.3 598.4 1583.6
D C 1155.2 -77.2 513.9 389.1 -227.3 1102.7
D C 1138.0 -104.2 504.8 377.4 -217.7 1107.8
D C 1079.7 -145.8 471.7 359.5 -234.2 1119.0
D C 1061.5 -150.0 458.2 358.1 -251.2 1114.9
D C 1016.0 -149.9 411.8 358.0 -302.9 1118.1
D C 985.4 -154.7 381.6 355.0 618.0 1482.2 -325.8 1120.5
D C 965.4 -154.6 363.7 357.6 -338.5 1125.2
D C 920.6 -156.1 865.4 667.9 316.4 356.2 -393.2 1128.9
D C 887.6 -156.1 828.7 664.3 284.4 355.9
D C 850.6 -157.7 797.1 663.4 250.3 355.9
D C 818.5 -162.2 765.7 657.4 220.1 357.8
D C 802.3 -166.7 749.5 655.6 206.9 358.1
D C 758.5 -167.3 700.8 660.0 156.1 358.9
D C 739.3 -167.8 679.8 660.2 139.5 359.2
D C 693.8 -171.0 631.8 664.6 94.7 360.3
D C 666.3 -170.7 595.6 658.1 63.8 362.6
D C 648.8 -174.7 583.1 656.4 47.9 363.1
D C 603.7 -176.6 536.2 654.4 -0.3 365.0
D C 570.1 -174.4 500.0 654.1 -32.9 366.1
D C 540.6 -176.3 467.2 651.6 -64.7 364.7
D C 495.0 -211.8 473.4 623.2 -72.1 366.8
D C 467.3 -233.0 477.6 609.1 -77.0 367.7
D C 384.1 -301.2 513.5 530.3 427.5 1397.6 -68.8 368.2
D C 292.0 -357.5 542.5 445.9 584.1 1320.5 -59.0 372.3
D C 255.9 -377.3 547.0 414.2 626.5 1276.1 -54.4 372.7
D C 187.9 -402.9 556.5 357.8 -47.5 373.2
D C 120.7 -424.8 560.1 299.9 791.8 1126.0 -41.8 374.4
D C 45.3 -442.5 558.3 237.8 883.1 1038.2 -34.7 373.1
D C 8.6 -446.6 556.9 207.5 -31.4 374.2
D C -104.3 -453.2 534.5 120.4 1002.6 844.9 194.9 1410.6 -21.0 374.8
D C -178.0 -446.0 512.5 55.6 1055.3 725.2 322.9 1383.0 -9.3 369.3 -318.6 961.9
D C 488.7 -19.1 1120.1 573.5 473.2 1325.7 13.1 361.8 -220.7 993.5
D C 456.0 -83.1 1153.1 425.6 612.4 1247.4 33.3 351.8
D C 388.3 -177.5 791.3 1096.5 58.8 334.4
D C 361.4 -204.4 1171.9 109.1 848.8 1048.9 66.9 327.2
D C 299.1 -257.6 1139.5 -48.1 958.3 919.4 80.4 309.7
D C 230.0 -296.1 1093.5 -195.8 1039.4 787.0 91.0 291.0
D C 160.0 -329.9 1027.3 -349.0 1108.0 642.3 100.3 272.9
D C 126.2 -345.2 991.1 -416.8 1127.3 564.2 103.5 264.0
D C 21.0 -374.4 869.2 -599.3 1181.2 351.4 111.6 238.2
D C -50.1 -379.6 773.3 -670.2 1165.1 240.1 99.6 227.0
D C -106.3 -380.6 708.2 -707.2 1136.0 194.4 558.8 694.9 69.4 222.0
D C 638.2 -720.6 1103.8 147.3 549.8 679.4 42.0 219.2
D C 583.9 -723.9 1056.0 144.2 505.9 678.8 -5.6 223.2
D C 568.0 -722.2 1029.5 143.8 487.8 675.9 -21.7 225.9
D C 539.2 -725.9 994.3 145.1 452.1 682.3
D C 502.1 -721.1 959.5 143.1 423.8 679.6
D C 472.7 -720.6 927.4 144.1 389.9 684.6
D C 439.5 -727.0 894.6 141.8 365.5 685.0
D C 408.4 -730.1 862.3 144.8 327.5 688.2
D C 363.4 -720.5 813.0 149.4 278.9 692.8
D C 347.9 -722.6 793.1 145.8 265.8 690.5
D C 313.2 -723.1 758.5 146.6 233.0 692.6
D C 264.4 -723.1 708.3 143.7 184.1 692.2
D C 249.0 -721.9 691.2 144.6 166.4 693.4
D C 200.8 -723.4 644.3 145.2 118.3 697.5
D C 625.4 147.0 103.3 700.2
D C 153.4 -722.0 592.6 145.0 75.1 701.7
D C 548.2 148.5 25.4 704.5
D C 94.8 -727.4 530.3 145.4 6.0 704.9
D C -17.4 -730.3 501.2 85.8 46.7 697.9
D C -69.5 -734.5 488.2 51.5 80.8 694.3
D C -201.2 -720.6 470.1 -31.4 163.9 665.1
D C -325.3 -689.0 438.1 -100.9 236.4 637.5
D C 394.8 -176.1 312.9 586.5
D C 305.4 -271.4 408.1 491.9
D C 272.6 -298.5 432.8 455.2
D C 197.6 -343.3 477.5 375.6 -139.4 637.0
D C 121.6 -374.7 509.4 295.3 -59.8 642.2
D C 44.4 -397.5 526.6 212.9 9.4 643.2
D C -79.6 -408.3 527.6 77.0 122.2 616.6
D C -117.1 -404.9 518.4 38.6 154.2 601.9 -301.8 992.1
D C 484.2 -80.6 250.5 552.4 -114.8 1028.0
D C 463.7 -129.5 284.9 522.4 -45.0 1028.0
D C 417.6 -200.3 332.5 472.9 77.4 1016.9
D C 340.7 -282.7 370.5 402.0 195.8 988.2
D C 319.3 -281.9 353.5 402.9 185.7 984.8
D C 240.6 -305.9 991.3 835.3 327.8 373.6 198.7 971.5
D C 214.0 -309.4 977.9 824.1 314.1 371.6 186.3 971.4
D C 178.8 -306.2 951.2 821.8 285.9 373.9 158.4 970.3
D C 128.9 -302.7 907.0 823.3 235.7 375.3 107.0 971.2
D C 113.7 -302.3 890.0 822.9 222.3 376.8 94.9 971.5
D C 66.0 -310.7 840.0 820.9 174.6 375.8 44.1 974.0
D C 33.1 -313.4 805.3 821.5 143.9 377.4 11.2 970.1
D C 19.5 -314.1 787.0 817.8 126.4 379.8 -3.7 969.8
D C -32.5 -322.0 739.6 817.2 75.5 375.2 -57.4 971.4
D C -47.5 -322.1 722.7 813.6 62.7 376.4 -69.6 973.6
D C -112.3 -327.2 725.8 768.1 37.2 368.9
D C 737.4 716.2 29.7 360.8
D C 749.0 659.2 21.4 352.5
D C 758.7 612.0 13.7 349.5
D C 758.2 585.2 7.2 348.2
D C 770.6 508.9 -4.5 342.3
D C 766.6 476.4 -6.5 341.0
D C 760.5 392.3 151.5 927.9 -23.1 337.4
D C 755.6 338.4 180.4 910.6 -30.4 337.6
D C 757.7 290.3 220.0 892.9 -24.9 334.6
D C 753.6 172.2 303.5 850.2 -19.5 330.7
D C 738.4 98.5 347.6 819.4 -20.3 325.7
D C 717.3 27.0 393.3 776.9 -18.0 321.5
D C 686.3 -48.0 429.1 732.3 -16.8 318.1
D C 674.1 -78.4 446.2 710.7 -17.8 317.5
D C 609.6 -186.5 504.6 627.4 -14.5 310.6
D C 563.9 -251.5 530.6 579.1 283.4 1407.9 -14.4 307.3
D C 514.5 -280.6 518.6 548.9 -35.7 302.6
D C 462.0 -312.3 514.2 521.3 -55.7 302.8
D C 438.5 -324.7 505.4 512.4 348.5 1360.1
D C 383.7 -330.5 458.1 506.2
D C 366.5 -329.6 439.9 510.8 288.2 1366.4
D C 314.1 -329.4 389.6 509.6 239.0 1359.0
D C 281.4 -334.0 358.1 509.2
D C 264.3 -331.8 342.2 513.0 193.1 1366.3
D C 211.5 -335.7 291.9 512.5
D C 162.4 -332.1 238.8 514.0
D C 143.5 -331.4 221.4 517.6
D C 109.7 -338.3 205.5 510.3 87.2 1366.9
D C 51.7 -354.2 204.8 495.6 156.5 1345.3
D C -2.0 -366.8 201.7 479.7 201.0 1334.0
D C -91.5 -371.4 193.6 452.6 287.5 1303.5
D C -114.9 -367.4 192.3 445.6
D C 188.6 433.5
D C 180.2 421.1 -535.6 1553.0
D C 191.5 396.3 -394.3 1589.8
D C 195.4 385.9 -341.6 1607.4
D C 197.8 352.4 -152.7 1641.1
D C 201.8 323.6
D C 186.7 307.7 73.9 1631.5
D C 156.7 300.3 108.7 1625.6
D C 781.8 869.3 142.8 297.7 130.5 1647.7
D C 744.5 853.8 91.7 296.6 109.0 1630.4
D C 769.1 794.2 75.3 286.5
D C 796.1 731.6 59.8 275.2
D C 803.3 672.7 39.8 269.8
D C 811.5 646.4 27.1 268.4 -373.5 1413.0
D C 820.0 567.2 474.0 1516.4 -0.2 265.4
D C 553.6 1478.8 -29.0 267.1
D C 821.3 456.1 599.2 1437.2
D C 816.8 393.2 662.2 1391.8
D C 804.9 337.0 710.7 1352.0
D C 786.8 279.5 764.5 1295.6 35.1 1477.0
D C 766.9 207.8 833.2 1216.3 116.1 1466.2
D C 750.4 188.6 850.1 1201.2 138.7 1465.5 -131.7 814.5
D C 729.3 131.7 899.2 1132.4 210.0 1454.1 -106.8 819.3
D C 698.3 82.3 944.5 1076.4 270.3 1433.5 -82.0 825.8
D C 674.7 35.7 967.4 1005.2 325.5 1413.6 -64.3 828.6
D C 622.5 -24.4 1014.1 914.9 411.7 1376.0 -33.9 834.3
D C 604.6 -51.6 1023.5 862.5 449.3 1363.5 -13.3 827.0
D C 568.7 -89.3 1040.7 798.1 498.2 1330.7 -0.6 831.2
D C 529.0 -132.1 1061.6 724.8 555.9 1288.5 29.9 827.4
D C 490.6 -163.3 1074.0 658.4 599.7 1250.5 49.9 822.7
D C 424.9 -203.8 1063.6 573.7 634.1 1206.3 54.5 815.3
D C 409.1 -204.0 1043.3 583.6 616.2 1207.9 36.9 814.5
D C 380.0 -201.3 1007.7 584.2 584.3 1208.8 4.4 815.2
D C 962.2 581.7 529.8 1207.7 -43.5 821.1
D C 314.8 -200.4 943.1 578.1 513.7 1211.2 -58.9 823.9
D C 265.8 -199.4 891.4 580.9 465.3 1208.9 -108.0 828.4
D C 869.8 582.1 451.0 1216.1 -123.8 830.4
D C 819.7 578.2 395.0 1211.1 -171.4 832.0
D C 786.8 577.0 369.8 1208.9 -199.2 836.0
D C 791.9 547.7 397.6 1194.2 -178.9 841.8
D C 800.5 487.3 456.3 1164.3 -151.4 853.1
D C 792.5 440.1 486.3 1136.8 -131.6 864.4
D C 783.9 354.0 551.8 1073.5 -89.2 871.4
D C 773.2 321.0 577.4 1051.0 -73.1 872.3
D C 760.3 264.8 611.3 1007.6 -49.1 875.8
D C 717.7 259.9 567.3 1010.5 -90.0 879.8
D C 700.2 258.4 553.8 1008.0 -106.8 882.8
D C 647.3 264.1 502.1 1014.8 -159.5 883.0
D C 631.6 262.2 485.8 1013.0 -177.4 888.3
D C 597.3 265.3 449.4 1015.8 -211.3 886.6
D C 549.5 266.6 401.0 1013.9 -258.8 889.9
D C 534.7 265.6 387.7 1016.7 -272.4 895.5
D C 487.4 268.7 335.3 1017.6
D C 455.4 265.9 303.6 1014.8
D C 436.2 267.4 290.6 1016.7
D C 389.4 271.1 237.9 1018.8
D C 372.0 272.8 218.6 1021.1
D C 327.8 272.8 173.6 1023.7
D C 311.1 273.8 154.6 1026.0
D C 275.0 275.4 119.7 1028.7
D C 236.5 272.9 87.6 1026.0
D C 238.9 274.0 90.6 1024.0
D C 240.1 275.4 90.5 1022.8
D C 239.5 274.7 90.1 1019.0
D C 238.7 273.7 90.6 1024.2
D C 238.7 273.7 90.6 1024.6
D C 239.2 274.3 90.6 1024.1
