F 1850.000000 1897.000000 3.717551
F 1850.000000 1897.000000 3.717551
F 1850.000000 1897.000000 3.717551
F 1850.000000 1897.000000 3.717551
F 1850.000000 1897.000000 3.717551
F 1850.000000 1897.000000 3.717551
F 1850.000000 1897.000000 3.717551
F 1850.000000 1897.000000 3.717551
F 1850.000000 1897.000000 3.717551
F 1850.000000 1897.000000 3.717551
F 1850.000000 1897.000000 3.717551
F 1850.000000 1897.000000 3.717551
F 1850.000000 1897.000000 3.717551
F 1829.218582 1883.504389 3.717551
F 1792.046186 1859.364353 3.717551
F 1754.406366 1834.982976 3.715225
F 1716.591630 1810.550698 3.715225
F 1716.591630 1810.550698 3.715225
F 1679.070032 1786.307817 3.715225
F 1641.430212 1761.926439 3.717551
F 1603.790392 1737.545062 3.715225
F 1566.150571 1713.163684 3.717551
F 1566.150571 1713.163684 3.717551
F 1528.510751 1688.782306 3.715225
F 1490.870931 1664.400928 3.717551
F 1490.870931 1664.400928 3.717551
F 1453.231111 1640.019550 3.715225
F 1415.591290 1615.638172 3.717551
F 1377.951470 1591.256795 3.715225
F 1340.311650 1566.875417 3.717551
F 1302.671829 1542.494039 3.715225
F 1302.671829 1542.494039 3.715225
F 1265.032009 1518.112661 3.717551
F 1227.392189 1493.731283 3.715225
F 1189.577453 1469.299005 3.715225
F 1189.577453 1469.299005 3.715225
F 1152.055855 1445.056125 3.715225
F 1114.416035 1420.674747 3.717551
F 1076.776214 1396.293369 3.715225
F 1038.961479 1371.861091 3.715225
F 1038.961479 1371.861091 3.715225
F 1001.439881 1347.618211 3.715225
F 963.800060 1323.236833 3.717551
F 926.160240 1298.855455 3.715225
F 926.160240 1298.855455 3.715225
F 888.520420 1274.474078 3.717551
F 850.880599 1250.092700 3.715225
F 813.065864 1225.660422 3.715225
F 774.957991 1201.038746 3.715225
F 774.957991 1201.038746 3.715225
F 737.318170 1176.657369 3.717551
F 699.678350 1152.275991 3.715225
F 662.038530 1127.894613 3.717551
F 662.038530 1127.894613 3.717551
F 624.398709 1103.513235 3.715225
F 586.758889 1079.131857 3.717551
F 549.119069 1054.750479 3.715225
F 549.119069 1054.750479 3.715225
F 511.479249 1030.369102 3.717551
F 473.839428 1005.987724 3.715225
F 436.371111 981.344483 3.731511
F 400.693198 954.783930 3.831558
F 400.693198 954.783930 3.831558
F 367.424209 924.477950 3.929278
F 337.426911 891.165885 4.029325
F 310.967639 855.194966 4.127045
F 288.144086 816.814170 4.224765
F 288.144086 816.814170 4.224765
F 269.295344 776.526438 4.324811
F 254.333720 733.899218 4.424858
F 243.950749 691.007975 4.524905
F 237.704526 646.615762 4.620298
F 237.704526 646.615762 4.620298
F 237.695991 601.135349 4.804105
F 246.112181 557.514825 5.001871
F 262.391719 516.919531 5.185678
F 262.391719 516.919531 5.185678
F 283.847141 482.021432 5.341565
F 311.212592 450.147966 5.502105
F 342.667745 423.358490 5.653338
F 342.667745 423.358490 5.653338
F 377.675800 401.746844 5.806898
F 414.830787 385.753059 5.946498
F 455.646388 375.102389 6.109365
F 496.941394 371.082468 6.262925
F 496.941394 371.082468 6.262925
F 538.017249 373.406523 0.133299
F 578.572574 382.152646 0.291513
F 617.280588 397.090079 0.445073
F 617.280588 397.090079 0.445073
F 657.100702 416.944173 0.479973
F 696.855759 437.698523 0.482299
F 736.610817 458.452874 0.479973
F 775.925652 478.919237 0.479973
F 775.925652 478.919237 0.479973
F 815.680710 499.673588 0.482299
F 855.566200 520.555113 0.482299
F 895.760880 541.598511 0.482299
F 935.515938 562.352861 0.479973
F 935.515938 562.352861 0.479973
F 975.270995 583.107211 0.482299
F 1014.538106 603.664992 0.482299
F 1054.423596 624.546518 0.482299
F 1054.423596 624.546518 0.482299
F 1093.999897 645.266171 0.482299
F 1133.885387 666.147696 0.482299
F 1173.461688 686.867349 0.482299
F 1213.347178 707.748875 0.482299
F 1213.347178 707.748875 0.482299
F 1252.549923 728.798813 0.503239
F 1290.986881 752.537606 0.603286
F 1325.346806 780.994394 0.780113
F 1325.346806 780.994394 0.780113
F 1353.908894 815.474374 0.977879
F 1374.257074 851.824732 1.143073
F 1388.612201 890.755049 1.291979
F 1388.612201 890.755049 1.291979
F 1396.879829 930.880586 1.443213
F 1399.178766 971.439870 1.585139
F 1395.403283 1012.757941 1.738699
F 1385.954347 1048.472386 1.920179
F 1385.954347 1048.472386 1.920179
F 1370.211518 1081.501934 2.110966
F 1348.557883 1110.999452 2.297099
F 1321.819445 1135.980234 2.483233
F 1321.819445 1135.980234 2.483233
F 1289.734507 1155.968713 2.685653
F 1254.966961 1168.938613 2.883419
F 1218.861205 1174.868375 3.074206
F 1179.450550 1175.048351 3.199846
F 1179.450550 1175.048351 3.199846
F 1134.328692 1172.469541 3.197519
F 1089.903697 1169.930559 3.199846
F 1045.307472 1167.329737 3.199846
F 1045.307472 1167.329737 3.199846
F 999.837183 1164.731014 3.197519
F 955.063757 1162.172117 3.199846
F 910.290330 1159.613221 3.197519
F 910.290330 1159.613221 3.197519
F 866.036629 1157.135675 3.197519
F 821.263202 1154.576779 3.199846
F 776.489776 1152.017883 3.197519
F 731.716350 1149.458987 3.199846
F 686.942923 1146.900091 3.197519
F 686.942923 1146.900091 3.197519
F 641.992313 1144.383528 3.197519
F 597.390157 1141.886474 3.197519
F 552.439547 1139.369911 3.197519
F 552.439547 1139.369911 3.197519
F 507.501296 1136.644216 3.206826
F 463.413044 1129.816389 3.383653
F 425.760326 1114.398880 3.676813
F 399.555252 1094.219806 3.918786
F 399.555252 1094.219806 3.918786
F 378.578585 1067.758363 4.165413
F 365.022144 1038.158589 4.400406
F 358.743436 1005.685850 4.642379
F 358.743436 1005.685850 4.642379
F 360.620771 971.974076 4.893659
F 370.290694 940.706129 5.130979
F 386.919753 912.716879 5.365973
F 409.020760 889.760989 5.591659
F 409.020760 889.760989 5.591659
F 436.193637 872.144295 5.824326
F 467.024262 861.150665 6.056993
F 509.627413 852.642717 6.115159
F 509.627413 852.642717 6.115159
F 553.506864 845.252156 6.117486
F 597.567003 837.883863 6.117486
F 641.971362 830.458004 6.117486
F 685.687281 823.147276 6.117486
F 685.687281 823.147276 6.117486
F 730.091640 815.721417 6.117486
F 774.495998 808.295559 6.117486
F 818.556137 800.927265 6.117486
F 862.960496 793.501407 6.117486
F 862.960496 793.501407 6.117486
F 907.992482 788.109580 6.210553
F 952.808824 787.096141 0.027414
F 997.502284 790.564019 0.127461
F 997.502284 790.564019 0.127461
F 1041.464181 798.396751 0.225181
F 1084.787991 810.575646 0.322901
F 1126.209719 826.781106 0.422947
F 1126.209719 826.781106 0.422947
F 1165.837941 847.350947 0.534627
F 1201.923293 873.855839 0.732394
F 1231.862763 906.676725 0.930161
F 1253.954173 941.793653 1.088374
F 1253.954173 941.793653 1.088374
F 1270.315441 979.169271 1.227974
F 1281.130370 1017.965758 1.369901
F 1286.266742 1059.136803 1.523461
F 1287.000173 1102.050991 1.583954
F 1287.000173 1102.050991 1.583954
F 1286.412409 1146.719124 1.583954
F 1285.824645 1191.387257 1.583954
F 1285.241474 1235.706421 1.583954
F 1285.241474 1235.706421 1.583954
F 1284.594250 1280.897276 1.586281
F 1283.907964 1325.214963 1.586281
F 1283.210870 1370.230565 1.586281
F 1282.513776 1415.246168 1.586281
F 1282.513776 1415.246168 1.586281
F 1281.822086 1459.912813 1.586281
F 1279.284091 1505.024488 1.667714
F 1272.797532 1549.205079 1.765434
F 1272.797532 1549.205079 1.765434
F 1262.023510 1592.359418 1.865481
F 1246.757343 1634.878522 1.965527
F 1227.742113 1674.895850 2.063247
F 1227.742113 1674.895850 2.063247
F 1203.155017 1712.543732 2.235421
F 1172.352770 1744.799974 2.430861
F 1138.026464 1769.608101 2.600707
F 1100.952744 1789.037371 2.717041
F 1100.952744 1789.037371 2.717041
F 1059.928556 1807.582086 2.717041
F 1019.540402 1825.839286 2.717041
F 978.044742 1842.823015 2.789167
F 935.613406 1856.168730 2.884561
F 935.613406 1856.168730 2.884561
F 891.562106 1865.366765 2.986934
F 846.632536 1870.085217 3.086981
F 801.979047 1870.342065 3.184701
F 801.979047 1870.342065 3.184701
F 757.345514 1866.173223 3.284747
F 713.854402 1857.718121 3.382467
F 670.241572 1844.660830 3.482514
F 629.582149 1827.957964 3.580234
F 629.582149 1827.957964 3.580234
F 589.821649 1806.877626 3.677954
F 552.076578 1781.739022 3.780327
F 517.299323 1753.176449 3.878047
F 517.299323 1753.176449 3.878047
F 485.881942 1721.691141 3.978094
F 457.545897 1686.954991 4.078141
F 432.680652 1649.445024 4.175861
F 411.920608 1610.304430 4.273581
F 411.920608 1610.304430 4.273581
F 394.271432 1569.275313 4.338727
F 377.852699 1527.542437 4.336401
F 361.321350 1485.666371 4.336401
F 361.321350 1485.666371 4.336401
F 344.918151 1444.114925 4.336401
F 328.499419 1402.382050 4.338727
F 312.080686 1360.649175 4.336401
F 295.421187 1318.448488 4.336401
F 295.421187 1318.448488 4.336401
F 280.867756 1276.045344 4.427141
F 270.573455 1233.311262 4.524861
F 264.380999 1188.561027 4.624907
F 264.380999 1188.561027 4.624907
F 262.643339 1143.591498 4.722627
F 264.451117 1098.962908 4.783121
F 267.568498 1054.224898 4.780794
F 270.661620 1009.835043 4.783121
F 270.661620 1009.835043 4.783121
F 273.818713 965.274743 4.783121
F 276.936095 920.536732 4.780794
F 280.053477 875.798722 4.783121
F 280.053477 875.798722 4.783121
F 283.219378 830.364400 4.780794
F 286.248931 786.145058 4.780794
F 289.366312 741.407048 4.783121
F 289.366312 741.407048 4.783121
F 292.548070 696.498620 4.783121
F 295.665452 651.760610 4.780794
F 298.782833 607.022599 4.783121
F 301.778916 564.025367 4.780794
F 302.227722 557.584487 4.783121
F 302.227722 557.584487 4.783121
F 302.227722 557.584487 4.783121
F 302.227722 557.584487 4.783121
F 302.227722 557.584487 4.783121
F 302.227722 557.584487 4.783121
F 302.227722 557.584487 4.783121
F 302.227722 557.584487 4.783121
